4365 11712309 1059
4364 11711399 910
4362 11710529 870
4361 11707820 2709
4360 11703684 4136
4359 11694408 9276
4358 11689705 4703
4357 11685495 4210
4356 11683599 1896
4354 11682728 871
4353 11678045 4683
4352 11676811 1234
4351 11674738 2073
4350 11670690 4048
4349 11670164 526
4348 11663887 6277
4347 11661052 2835
4346 11658944 2108
4345 11654067 4877
4344 11652518 1549
4343 11635445 17073
4341 11632799 2646
4340 11631072 1727
4339 11630092 980
4337 11627964 2128
4336 11625656 2308
4335 11624172 1484
4334 11616607 7565
4332 11615521 1086
4331 11612653 2868
4329 11611966 687
4328 11606117 5849
4327 11605470 647
4310 11601706 3764
4309 11595912 5794
4308 11593425 2487
4307 11592639 786
4306 11591873 766
4305 11590264 1609
4304 11585048 5216
4303 11579287 5761
4302 11578386 901
4301 11575668 2718
4300 11575074 594
4299 11573489 1585
4297 11571675 1814
4296 11565654 6021
4295 11563889 1765
4294 11562771 1118
4293 11561535 1236
4292 11559701 1834
4291 11556873 2828
4290 11555694 1179
4289 11549862 5832
4288 11546934 2928
4287 11545311 1623
4286 11543229 2082
4285 11541917 1312
4284 11539339 2578
4283 11533495 5844
4282 11531874 1621
4281 11531001 873
4280 11528455 2546
4279 11525989 2466
4278 11523513 2476
4277 11520521 2992
4276 11517528 2993
4275 11514611 2917
4274 11511386 3225
4273 11509048 2338
4272 11507160 1888
4271 11504219 2941
4270 11503502 717
4269 11502753 749
4268 11501048 1705
4267 11491193 9855
4266 11486039 5154
4265 11482242 3797
4264 11479642 2600
4262 11477556 2086
4261 11476025 1531
4260 11473209 2816
4258 11471487 1722
4256 11466115 5372
4255 11464390 1725
4254 11458746 5644
4253 11453908 4838
4252 11447547 6361
4251 11444039 3508
4250 11435484 8555
4249 11433624 1860
4248 11432548 1076
4245 11430355 2193
4244 11420621 9734
4243 11417007 3614
4242 11413623 3384
4241 11410198 3425
4239 11399346 10852
4238 11398911 435
4237 11397788 1123
4236 11393790 3998
4235 11392489 1301
4233 11389505 2984
4231 11388157 1348
4229 11385719 2438
4228 11383139 2580
4227 11380902 2237
4225 11371762 9140
4224 11370990 772
4221 11368264 2726
4220 11364792 3472
4219 11362195 2597
4218 11355731 6464
4217 11352852 2879
4214 11348286 4566
4213 11341603 6683
4212 11335905 5698
4211 11331990 3915
4210 11327529 4461
4209 11326065 1464
4208 11321612 4453
4207 11319707 1905
4206 11317651 2056
4205 11313572 4079
4204 11310981 2591
4202 11308280 2701
4201 11305875 2405
4200 11302719 3156
4197 11301893 826
4195 11299781 2112
4194 11297033 2748
4193 11292188 4845
4192 11288554 3634
4191 11284865 3689
4190 11283296 1569
4189 11282292 1004
4186 11278009 4283
4184 11274213 3796
4183 11267923 6290
4182 11263581 4342
4181 11259454 4127
4180 11255963 3491
4178 11253657 2306
4177 11252357 1300
4176 11249252 3105
4174 11248631 621
4170 11246666 1965
4169 11244502 2164
4167 11243400 1102
4165 11240295 3105
4164 11238748 1547
4163 11238186 562
4161 11224434 13752
4159 11214158 10276
4158 11208389 5769
4157 11204493 3896
4156 11196180 8313
4155 11187992 8188
4154 11185639 2353
4153 11176677 8962
4152 11169669 7008
4151 11169432 237
4150 11158719 10713
4149 11150967 7752
4148 11142137 8830
4147 11135401 6736
4146 11122364 13037
4145 11120261 2103
4144 11115860 4401
4142 11114636 1224
4141 11113926 710
4140 11109613 4313
4138 11104017 5596
4137 11101126 2891
4136 11096904 4222
4134 11084623 12281
4132 11080766 3857
4131 11077249 3517
4130 11073322 3927
4128 11067506 5816
4127 11060899 6607
4126 11054785 6114
4125 11047920 6865
4124 11038007 9913
4122 11034261 3746
4121 11029497 4764
4120 11025693 3804
4119 11023930 1763
4118 11018816 5114
4116 11007840 10976
4114 10994972 12868
4113 10985355 9617
4111 10980723 4632
4110 10970940 9783
4109 10962513 8427
4108 10957348 5165
4107 10953583 3765
4106 10927759 25824
4105 10923305 4454
4104 10916948 6357
4103 10905494 11454
4102 10904116 1378
4101 10897420 6696
4100 10895759 1661
4099 10894692 1067
4098 10893994 698
4097 10891151 2843
4096 10887747 3404
4093 10883661 4086
4092 10880948 2713
4091 10876242 4706
4090 10867652 8590
4089 10859614 8038
4088 10850436 9178
4086 10846947 3489
4085 10845383 1564
4084 10844838 545
4083 10837484 7354
4082 10834258 3226
4081 10833423 835
4079 10827936 5487
4078 10814348 13588
4076 10803052 11296
4075 10795652 7400
4074 10787193 8459
4073 10778426 8767
4072 10762409 16017
4070 10751141 11268
4069 10742049 9092
4068 10740948 1101
4066 10733539 7409
4065 10728691 4848
4064 10727086 1605
4063 10718361 8725
4062 10713779 4582
4060 10710986 2793
4059 10709374 1612
4058 10699726 9648
4057 10693270 6456
4056 10689724 3546
4054 10682718 7006
4053 10672241 10477
4051 10665440 6801
4046 10661973 3467
4045 10660286 1687
4044 10653894 6392
4043 10650029 3865
4042 10648820 1209
4039 10643028 5792
4038 10634297 8731
4036 10634088 209
4033 10630918 3170
4032 10622009 8909
4031 10616873 5136
4030 10612596 4277
4029 10610946 1650
4028 10607135 3811
4027 10604923 2212
4026 10585842 19081
4023 10584529 1313
4022 10581575 2954
4021 10577654 3921
4020 10573596 4058
4018 10571869 1727
4017 10569146 2723
4016 10564912 4234
4015 10563725 1187
4013 10559804 3921
4011 10555767 4037
4010 10551777 3990
4009 10543123 8654
4008 10535929 7194
4005 10534133 1796
4004 10532982 1151
4001 10528914 4068
3999 10526680 2234
3996 10522976 3704
3995 10521584 1392
3994 10520339 1245
3993 10514392 5947
3992 10510795 3597
3991 10509926 869
3990 10509599 327
3988 10508791 808
3987 10506098 2693
3986 10503597 2501
3985 10502075 1522
3984 10495079 6996
3983 10490480 4599
3982 10487934 2546
3981 10481023 6911
3980 10475562 5461
3978 10471626 3936
3977 10467697 3929
3975 10465741 1956
3974 10463182 2559
3972 10459175 4007
3971 10457019 2156
3970 10453239 3780
3969 10450452 2787
3968 10447404 3048
3966 10443077 4327
3965 10436619 6458
3964 10434133 2486
3963 10427542 6591
3960 10422504 5038
3959 10419620 2884
3958 10413165 6455
3957 10400179 12986
3956 10398054 2125
3953 10396513 1541
3952 10394040 2473
3951 10392970 1070
3950 10389481 3489
3948 10388383 1098
3947 10382203 6180
3946 10375291 6912
3945 10367999 7292
3944 10363139 4860
3943 10359883 3256
3942 10356371 3512
3941 10353490 2881
3940 10342453 11037
3939 10339093 3360
3938 10331948 7145
3937 10329539 2409
3936 10327881 1658
3935 10319415 8466
3934 10316826 2589
3933 10298239 18587
3932 10275334 22905
3931 10274358 976
3930 10270998 3360
3929 10268425 2573
3928 10261947 6478
3927 10254697 7250
3925 10250855 3842
3924 10246419 4436
3923 10241727 4692
3919 10233113 8614
3918 10228148 4965
3917 10222882 5266
3916 10218898 3984
3915 10210121 8777
3914 10207013 3108
3913 10197025 9988
3912 10195439 1586
3911 10192073 3366
3910 10187888 4185
3909 10187673 215
3908 10186888 785
3907 10185623 1265
3905 10182609 3014
3904 10179850 2759
3903 10177348 2502
3902 10172208 5140
3901 10167488 4720
3900 10161989 5499
3899 10157847 4142
3898 10154655 3192
3897 10149180 5475
3896 10144524 4656
1588 5457865 9488
1519 5209645 4451
1493 5127546 5425
1492 5118360 9186
1491 5116302 2058
1490 5114103 2199
1489 5110574 3529
1488 5108179 2395
1487 5104817 3362
1486 5101246 3571
1484 5093536 7710
1483 5090423 3113
1482 5085915 4508
1481 5081158 4757
1480 5076340 4818
1479 5073746 2594
1478 5071814 1932
1477 5066539 5275
1476 5063920 2619
1475 5060707 3213
1474 5053855 6852
1472 5052605 1250
1470 5049920 2685
1469 5047924 1996
1468 5046625 1299
1467 5041085 5540
1465 5037216 3869
1464 5006425 30791
1463 4990077 16348
1462 4978695 11382
1461 4954088 24607
1460 4951080 3008
1459 4947337 3743
1458 4942936 4401
1457 4938416 4520
1456 4935313 3103
1455 4933355 1958
1454 4929845 3510
1453 4923935 5910
1452 4920649 3286
1451 4917620 3029
1450 4907682 9938
1449 4889765 17917
1448 4888489 1276
1447 4885980 2509
1446 4879667 6313
1445 4876886 2781
1444 4868650 8236
1443 4865844 2806
1442 4860824 5020
1441 4858190 2634
1440 4853795 4395
1439 4850183 3612
1438 4847560 2623
1437 4845156 2404
1436 4842462 2694
1435 4839228 3234
1434 4838906 322
1433 4831738 7168
1432 4827312 4426
1431 4826357 955
1430 4823521 2836
1429 4813545 9976
1426 4807670 5875
1425 4807318 352
1423 4804932 2386
1422 4802587 2345
1421 4800007 2580
1420 4797542 2465
1419 4794483 3059
1418 4790661 3822
1416 4786109 4552
1415 4783973 2136
1414 4782149 1824
1413 4780188 1961
1412 4778007 2181
1411 4774626 3381
1410 4771991 2635
1405 4770011 1980
1404 4767147 2864
1402 4764904 2243
1401 4763023 1881
1400 4761009 2014
1399 4757917 3092
1398 4755664 2253
1397 4752137 3527
1396 4750265 1872
1395 4748299 1966
1394 4745461 2838
1393 4743534 1927
1392 4735566 7968
1391 4721977 13589
1389 4718076 3901
1388 4715697 2379
1387 4715375 322
1386 4712731 2644
1385 4706392 6339
1383 4702473 3919
1382 4699906 2567
1381 4694965 4941
1380 4682377 12588
1379 4678288 4089
1378 4670552 7736
1377 4669920 632
1376 4666967 2953
1375 4662529 4438
1374 4654729 7800
1373 4645879 8850
1372 4644299 1580
1371 4642651 1648
1370 4641011 1640
1369 4640396 615
1368 4639180 1216
1367 4636053 3127
1366 4634390 1663
1365 4632887 1503
1364 4630879 2008
1363 4629157 1722
1362 4626535 2622
1361 4621565 4970
1360 4620121 1444
1359 4616104 4017
1358 4613926 2178
1357 4609833 4093
1356 4608007 1826
1354 4606328 1679
1353 4605379 949
1352 4604357 1022
1351 4596952 7405
1350 4595467 1485
1349 4593426 2041
1345 4590029 3397
1344 4586437 3592
1343 4576244 10193
1342 4568267 7977
1341 4562416 5851
1340 4556903 5513
1339 4554688 2215
1338 4550871 3817
1337 4538374 12497
1336 4532679 5695
1335 4524565 8114
1334 4522908 1657
1333 4519934 2974
1332 4516096 3838
1331 4502366 13730
1330 4497565 4801
1329 4491708 5857
1328 4488599 3109
1327 4482702 5897
1326 4479830 2872
1325 4476338 3492
1324 4472641 3697
1323 4465614 7027
1322 4460854 4760
1320 4450663 10191
1319 4449066 1597
1318 4445924 3142
1317 4443403 2521
1316 4441139 2264
1315 4438621 2518
1314 4425300 13321
1313 4422709 2591
1311 4420242 2467
1309 4418135 2107
1308 4416521 1614
1307 4414305 2216
1306 4404206 10099
1305 4399388 4818
1304 4391402 7986
1303 4386419 4983
1302 4377562 8857
1301 4372773 4789
1300 4370061 2712
1299 4366034 4027
1298 4364022 2012
1297 4356293 7729
1296 4350047 6246
1295 4348399 1648
1294 4343922 4477
1293 4341940 1982
1291 4340439 1501
1290 4339541 898
1289 4338321 1220
1288 4334180 4141
1287 4323666 10514
1286 4320113 3553
1285 4316748 3365
1284 4312260 4488
1283 4308335 3925
1282 4289996 18339
1281 4282286 7710
1280 4280478 1808
1279 4278292 2186
1278 4276483 1809
1277 4274732 1751
1276 4273426 1306
1275 4271326 2100
1274 4270149 1177
1273 4268749 1400
1272 4267753 996
1271 4265857 1896
1270 4262314 3543
1269 4257303 5011
1268 4253541 3762
1267 4245311 8230
1266 4238560 6751
1265 4236559 2001
1264 4232780 3779
1263 4231957 823
1262 4226161 5796
1261 4221840 4321
1260 4211715 10125
1259 4208966 2749
1258 4201683 7283
1257 4200065 1618
1256 4195972 4093
1255 4192566 3406
1253 4185278 7288
1252 4179497 5781
1250 4170943 8554
1249 4164691 6252
1248 4160534 4157
1247 4155940 4594
1246 4152623 3317
1245 4151147 1476
1243 4148967 2180
1242 4144173 4794
1241 4137653 6520
1240 4133281 4372
1239 4127712 5569
1238 4125445 2267
1237 4117431 8014
1236 4112854 4577
1233 4109416 3438
1230 4108333 1083
1229 4103520 4813
1227 4098350 5170
1225 4094888 3462
1224 4090267 4621
1222 4084318 5949
1219 4080763 3555
1218 4077569 3194
1217 4075899 1670
1216 4074328 1571
1214 4070314 4014
1213 4066747 3567
1211 4060480 6267
1210 4054990 5490
1209 4047006 7984
1207 4037271 9735
1206 4026721 10550
1205 4018283 8438
1204 4008854 9429
1203 4002276 6578
1202 3999551 2725
1201 3995943 3608
1200 3993011 2932
1199 3989373 3638
1198 3985412 3961
1197 3983218 2194
1196 3982737 481
1195 3979313 3424
1193 3975896 3417
1192 3972188 3708
1191 3965732 6456
1190 3958906 6826
1189 3950469 8437
1188 3948156 2313
1187 3947979 177
1186 3938873 9106
1185 3933297 5576
1184 3931508 1789
1183 3928086 3422
1182 3925165 2921
1181 3923581 1584
1180 3920707 2874
1179 3914290 6417
1178 3910082 4208
1177 3900546 9536
1176 3897608 2938
1175 3890427 7181
1174 3889364 1063
1173 3883029 6335
1172 3877851 5178
1171 3872501 5350
1170 3867314 5187
1169 3863709 3605
1168 3861658 2051
1167 3850108 11550
1166 3842034 8074
1165 3841888 146
1164 3841712 176
1163 3841488 224
1162 3841252 236
1161 3841082 170
1160 3840882 200
1159 3840666 216
1158 3840440 226
1157 3840210 230
1156 3839968 242
1154 3839738 230
1153 3839488 250
1152 3839292 196
1151 3839048 244
1150 3838818 230
1149 3838582 236
1148 3838356 226
1147 3838172 184
1146 3837934 238
1145 3837732 202
1144 3837490 242
1143 3837276 214
1142 3837118 158
1141 3836892 226
1140 3836658 234
1139 3836432 226
1138 3836208 224
1137 3836020 188
1136 3835820 200
1135 3835650 170
1134 3835492 158
1133 3835296 196
1132 3835050 246
1131 3834848 202
1130 3834640 208
1129 3834476 164
1128 3834322 154
1127 3834134 188
1126 3833910 224
1125 3833668 242
1124 3833432 236
1123 3833194 238
1122 3832956 238
1121 3832716 240
1120 3832558 158
1119 3832346 212
1118 3832116 230
1117 3831928 188
1116 3831740 188
1115 3829046 2694
1114 3826647 2399
1113 3825419 1228
1112 3821886 3533
1110 3820948 938
1109 3817365 3583
1108 3813083 4282
1107 3810490 2593
1106 3809645 845
1105 3809102 543
1104 3804843 4259
1102 3802995 1848
1101 3800834 2161
1100 3796605 4229
1099 3795133 1472
1098 3792585 2548
1097 3791512 1073
1096 3789231 2281
1095 3786762 2469
1094 3784438 2324
1093 3782858 1580
1092 3780273 2585
1091 3778545 1728
1090 3777820 725
1089 3776374 1446
1088 3774484 1890
1087 3772167 2317
1085 3769555 2612
1084 3768739 816
1083 3767604 1135
1082 3767071 533
1081 3763263 3808
1080 3760058 3205
1079 3758232 1826
1078 3755089 3143
1077 3753084 2005
1076 3750796 2288
1075 3748795 2001
1074 3746788 2007
1073 3743382 3406
1072 3742403 979
1071 3741293 1110
1070 3739394 1899
1069 3737783 1611
1068 3735300 2483
1066 3733893 1407
1065 3732090 1803
1064 3729536 2554
1063 3727001 2535
1062 3725410 1591
1061 3723564 1846
1060 3722446 1118
1059 3721168 1278
1058 3717100 4068
1057 3713655 3445
1056 3712823 832
1055 3706402 6421
1054 3703115 3287
1053 3702236 879
1052 3700605 1631
1051 3699724 881
1050 3693705 6019
1049 3692449 1256
1048 3686634 5815
1047 3685827 807
1045 3681169 4658
1044 3678795 2374
1043 3677868 927
1042 3674553 3315
1041 3668664 5889
1040 3665309 3355
1039 3660996 4313
1038 3658434 2562
1037 3654802 3632
1036 3653694 1108
1035 3650639 3055
1034 3647768 2871
1033 3644989 2779
1032 3643679 1310
1031 3641031 2648
1030 3639047 1984
1029 3638002 1045
1028 3636598 1404
1027 3635424 1174
1026 3634484 940
1025 3633285 1199
1024 3631513 1772
1023 3629116 2397
1022 3628080 1036
1021 3627038 1042
1020 3626152 886
1019 3624976 1176
1018 3623698 1278
1017 3620943 2755
1016 3618094 2849
1015 3617069 1025
1014 3614378 2691
1013 3610792 3586
1012 3603956 6836
1011 3603109 847
1010 3601971 1138
1009 3595655 6316
1008 3589349 6306
1007 3587188 2161
1006 3578107 9081
1005 3574776 3331
1004 3573742 1034
1003 3566437 7305
1002 3561945 4492
1001 3554934 7011
1000 3546851 8083
999 3545577 1274
998 3544593 984
997 3542140 2453
996 3538863 3277
995 3535195 3668
994 3531871 3324
993 3528399 3472
992 3527392 1007
991 3523366 4026
990 3521998 1368
989 3520907 1091
988 3518663 2244
986 3515273 3390
985 3513416 1857
984 3509576 3840
982 3507050 2526
981 3500564 6486
980 3492670 7894
979 3488192 4478
978 3485134 3058
977 3470312 14822
975 3466502 3810
974 3463774 2728
973 3454142 9632
972 3444558 9584
971 3443524 1034
970 3439446 4078
969 3432470 6976
968 3424432 8038
967 3422646 1786
966 3419676 2970
965 3418629 1047
964 3411020 7609
963 3403446 7574
962 3392800 10646
961 3389760 3040
960 3388676 1084
959 3385763 2913
958 3382279 3484
957 3375590 6689
956 3367964 7626
955 3365552 2412
954 3360151 5401
953 3351824 8327
948 3343324 8500
946 3336263 7061
944 3332016 4247
943 3327189 4827
942 3323313 3876
941 3320876 2437
940 3318152 2724
939 3313559 4593
938 3309682 3877
937 3300599 9083
936 3294178 6421
935 3292363 1815
933 3285230 7133
931 3279544 5686
930 3270901 8643
929 3262716 8185
928 3254758 7958
926 3251367 3391
925 3247854 3513
924 3239348 8506
923 3237712 1636
922 3234591 3121
921 3232478 2113
919 3230993 1485
918 3224639 6354
917 3220934 3705
916 3217569 3365
915 3217015 554
914 3216545 470
913 3216036 509
912 3215554 482
911 3215062 492
910 3214537 525
909 3214054 483
907 3213549 505
906 3213062 487
905 3212592 470
904 3212088 504
903 3211621 467
902 3211183 438
901 3210744 439
899 3206984 3760
898 3205364 1620
896 3198948 6416
895 3192343 6605
894 3190834 1509
893 3168005 22829
890 3162108 5897
889 3156754 5354
888 3144894 11860
887 3144589 305
885 3144304 285
882 3143038 1266
881 3140238 2800
879 3137314 2924
878 3129448 7866
876 3128669 779
869 3113566 15103
868 3112538 1028
864 3111576 962
863 3109902 1674
862 3100105 9797
861 3096532 3573
860 3089010 7522
859 3080838 8172
858 3077904 2934
857 3076048 1856
856 3074266 1782
855 3072789 1477
854 3067795 4994
853 3065858 1937
852 3065691 167
851 3064302 1389
850 3054892 9410
849 3052081 2811
847 3049478 2603
846 3043241 6237
842 3039913 3328
841 3024624 15289
840 3022056 2568
839 3018587 3469
838 3016934 1653
836 3015420 1514
835 3013986 1434
834 3012137 1849
833 3009803 2334
832 3007792 2011
831 3005791 2001
830 3002753 3038
829 2997247 5506
828 2987212 10035
826 2985984 1228
825 2979921 6063
824 2979636 285
823 2979441 195
822 2979202 239
821 2979031 171
820 2978714 317
819 2978447 267
818 2978252 195
816 2968194 10058
815 2962374 5820
814 2955875 6499
813 2953787 2088
812 2942094 11693
811 2932888 9206
809 2926017 6871
807 2923501 2516
806 2918237 5264
804 2917115 1122
802 2915800 1315
801 2910487 5313
798 2886880 23607
797 2880518 6362
796 2874572 5946
794 2867467 7105
793 2856226 11241
792 2830414 25812
791 2823636 6778
790 2811058 12578
789 2807519 3539
788 2803213 4306
786 2783422 19791
784 2779710 3712
783 2776805 2905
782 2774659 2146
778 2766766 7893
777 2755292 11474
776 2751894 3398
775 2746535 5359
773 2728100 18435
770 2724172 3928
766 2718545 5627
761 2713235 5310
760 2703782 9453
337 1283772 8833
336 1281797 1975
335 1279063 2734
3544 9299078 701
334 1274409 4654
333 1272861 1548
332 1272198 663
3541 9298405 673
329 1268323 3875
3538 9296249 760
328 1263055 5268
3537 9295504 745
327 1252075 10980
326 1246172 5903
3535 9294703 801
325 1244648 1524
324 1242941 1707
3533 9294005 698
323 1232765 10176
3532 9293339 666
322 1229176 3589
321 1225016 4160
3530 9292638 701
320 1209509 15507
3529 9291875 763
319 1206094 3415
3528 9291193 682
317 1201308 4786
3526 9289858 670
316 1197867 3441
3525 9289191 667
314 1192414 5453
3523 9287875 661
313 1187000 5414
3522 9287249 626
312 1185214 1786
311 1183304 1910
3520 9286574 675
310 1156276 27028
3519 9285903 671
309 1153945 2331
3518 9285209 694
308 1151795 2150
3517 9284549 660
307 1148608 3187
3516 9283818 731
306 1146420 2188
3515 9283017 801
305 1136723 9697
3514 9282335 682
304 1132295 4428
303 1129319 2976
302 1128205 1114
301 1127407 798
300 1125696 1711
299 1117346 8350
3508 9281614 721
298 1115567 1779
297 1112552 3015
3506 9280898 716
296 1110948 1604
295 1108534 2414
3504 9280154 744
294 1104334 4200
3503 9279452 702
293 1096167 8167
3502 9278728 724
292 1092308 3859
3501 9277965 763
291 1090259 2049
3500 9277218 747
290 1084441 5818
289 1082516 1925
3498 9276995 223
288 1079981 2535
287 1077380 2601
3496 9276314 681
286 1076768 612
3495 9275549 765
285 1076273 495
3494 9274832 717
284 1075625 648
3493 9274185 647
283 1073689 1936
282 1071877 1812
3491 9273541 644
281 1070727 1150
3490 9272916 625
280 1067475 3252
3489 9272196 720
279 1064656 2819
3488 9271565 631
278 1064015 641
3487 9270889 676
277 1058606 5409
3486 9270223 666
276 1050048 8558
3485 9269558 665
275 1042611 7437
3484 9268915 643
274 1040115 2496
3483 9268194 721
273 1037589 2526
272 1033020 4569
3481 9267375 819
271 1027051 5969
3480 9266545 830
270 1021818 5233
3479 9265714 831
269 1013813 8005
3478 9265032 682
268 1007417 6396
3477 9264263 769
267 1004735 2682
266 1002287 2448
3475 9263521 742
265 1000169 2118
264 997656 2513
263 988040 9616
262 974665 13375
3471 9262888 633
261 974206 459
3470 9262164 724
260 970430 3776
259 966481 3949
3468 9261485 679
258 964040 2441
257 960534 3506
3466 9260783 702
256 958705 1829
255 956329 2376
3464 9260090 693
254 953814 2515
253 952348 1466
3462 9259398 692
252 951030 1318
251 949939 1091
250 944725 5214
3459 9258730 668
249 936148 8577
248 931061 5087
3457 9258014 716
247 928869 2192
3456 9257269 745
246 926376 2493
3455 9256499 770
245 919983 6393
3454 9255759 740
244 918316 1667
3453 9255020 739
243 914888 3428
3452 9254273 747
242 913345 1543
3451 9253472 801
241 910717 2628
3450 9252680 792
240 906943 3774
3449 9251917 763
239 906012 931
3448 9251140 777
238 902975 3037
3447 9250362 778
237 900799 2176
236 897851 2948
235 896559 1292
234 894138 2421
233 884828 9310
3442 9249681 681
232 882865 1963
3441 9248969 712
231 878395 4470
3440 9248239 730
230 876306 2089
3439 9247549 690
229 870260 6046
3438 9246844 705
228 861385 8875
227 860129 1256
3436 9246163 681
226 854651 5478
3435 9245478 685
225 850707 3944
3434 9244733 745
224 842506 8201
223 835712 6794
3432 9244040 693
222 830939 4773
221 828892 2047
3430 9243347 693
220 827533 1359
3429 9242650 697
219 821944 5589
3428 9241921 729
218 813846 8098
217 812707 1139
216 811913 794
3425 9241254 667
212 810741 1172
3421 9239774 757
209 809574 1167
3418 9237726 671
208 808417 1157
3417 9237024 702
207 807227 1190
3416 9236361 663
206 805661 1566
3415 9235657 704
205 798464 7197
204 795994 2470
203 794062 1932
3412 9234935 722
202 791304 2758
3411 9234268 667
201 788591 2713
3410 9233569 699
200 784589 4002
199 774921 9668
198 772488 2433
3407 9232744 825
197 771568 920
3406 9232049 695
196 769915 1653
195 768258 1657
194 767299 959
3403 9231265 784
193 765225 2074
3402 9230553 712
192 763735 1490
3401 9229853 700
191 755330 8405
3400 9229128 725
190 753851 1479
189 750742 3109
188 747042 3700
3397 9228461 667
187 746004 1038
3396 9227740 721
186 744646 1358
3395 9227050 690
185 742261 2385
3394 9226303 747
184 739529 2732
183 738347 1182
3392 9225610 693
1675 5733473 4378
182 735159 3188
1674 5725023 8450
181 733625 1534
3390 9224898 712
1673 5704740 20283
180 731051 2574
1672 5702169 2571
179 723202 7849
3388 9224176 722
1671 5699662 2507
178 720085 3117
3387 9223481 695
1670 5696163 3499
177 719228 857
3386 9222807 674
1669 5693581 2582
176 715376 3852
1668 5691472 2109
175 714493 883
3384 9222126 681
1667 5689007 2465
174 713641 852
1666 5685219 3788
173 711958 1683
3382 9221435 691
1665 5683521 1698
172 710759 1199
1664 5678814 4707
171 709124 1635
3380 9220692 743
1572 5387724 2455
79 351622 3798
1571 5385359 2365
78 347080 4542
1570 5380776 4583
77 328082 18998
1569 5367928 12848
76 324506 3576
75 321293 3213
1567 5363697 4231
74 317623 3670
1566 5355209 8488
73 314373 3250
3282 9194522 673
1565 5352948 2261
72 311622 2751
1564 5351826 1122
71 308113 3509
1563 5347505 4321
70 304371 3742
3279 9193848 674
1562 5343779 3726
69 300715 3656
3278 9193159 689
1561 5341688 2091
68 297400 3315
1560 5334132 7556
67 294218 3182
3276 9192385 774
1559 5329571 4561
66 289133 5085
3275 9191673 712
1558 5327113 2458
65 285343 3790
3274 9190941 732
64 279884 5459
3273 9190249 692
1556 5317310 9803
63 276410 3474
3272 9189544 705
1555 5315370 1940
62 275173 1237
3271 9188883 661
1554 5311339 4031
61 271829 3344
60 267672 4157
3269 9188122 761
1552 5309649 1690
59 262813 4859
1551 5303972 5677
58 259392 3421
1550 5300321 3651
57 257880 1512
1549 5295706 4615
56 253202 4678
1548 5292001 3705
55 233575 19627
3264 9187389 733
1547 5282937 9064
54 230040 3535
3263 9186688 701
1546 5269210 13727
53 226563 3477
3262 9185996 692
1545 5262578 6632
52 224999 1564
3261 9185299 697
1544 5260436 2142
51 221581 3418
3260 9184616 683
50 217213 4368
3259 9183942 674
759 2699173 4609
1542 5256101 4335
49 197798 19415
3258 9183195 747
758 2682710 16463
1541 5254160 1941
48 194520 3278
3257 9182495 700
757 2677442 5268
1540 5252105 2055
47 190439 4081
3256 9181771 724
756 2675791 1651
1539 5249459 2646
46 187281 3158
3255 9180992 779
755 2668468 7323
45 184165 3116
754 2660467 8001
1537 5247743 1716
44 181283 2882
3253 9180294 698
1536 5244211 3532
43 177803 3480
3252 9179628 666
752 2652238 8229
1535 5241928 2283
42 173832 3971
751 2647995 4243
1534 5239395 2533
41 169621 4211
3250 9178973 655
750 2636075 11920
40 164840 4781
3249 9178299 674
1532 5236853 2542
39 160802 4038
3248 9177601 698
1509 5190693 758
16 79059 4178
3225 9164925 654
725 2559171 4160
1508 5187537 3156
15 77795 1264
3224 9164224 701
724 2554473 4698
1507 5186711 826
14 73794 4001
723 2547999 6474
350 1328352 10952
3559 9306210 665
1506 5182507 4204
13 53936 19858
3222 9163524 700
722 2541242 6757
349 1326741 1611
3558 9305538 672
1505 5181826 681
12 50449 3487
3221 9162747 777
721 2535971 5271
348 1325014 1727
1504 5178844 2982
11 46859 3590
720 2531156 4815
347 1322407 2607
3556 9304837 701
1503 5173522 5322
10 44119 2740
719 2525749 5407
346 1320231 2176
1502 5172548 974
9 41499 2620
718 2520993 4756
345 1318522 1709
3554 9304136 701
1501 5170677 1871
8 37391 4108
717 2517197 3796
1500 5169222 1455
7 32554 4837
716 2506649 10548
339 1298884 5220
1495 5140532 5464
2 3249 3740
711 2436636 38572
1662 5676536 2278
169 706732 1263
1573 5390179 694
80 355420 3677
338 1292605 6279
3547 9299779 697
1494 5132971 7561
1 0 3249
710 2429112 7524
1661 5672868 3668
168 702542 4190
3377 9219142 759
1531 5232016 4837
38 157288 3514
3247 9176926 675
340 1304104 1972
3549 9300476 765
1496 5145996 4851
3 6989 4300
712 2475208 5453
170 707995 1129
3379 9219901 791
341 1306076 6497
3550 9301241 760
4 11289 3604
713 2480661 17903
342 1312573 2982
3551 9302001 714
1498 5150847 12021
5 14893 14607
714 2498564 5285
343 1315555 2967
3552 9302715 705
1499 5162868 6354
6 29500 3054
715 2503849 2800
1510 5191451 934
17 83237 3680
726 2563331 8951
1511 5192385 4257
18 86917 5362
3227 9165579 693
727 2572282 8397
1512 5196642 3711
19 92279 4334
3228 9166272 734
728 2580679 5478
1513 5200353 1286
20 96613 3831
3229 9167006 706
729 2586157 4264
1514 5201639 1815
21 100444 4395
3230 9167712 778
730 2590421 7454
1515 5203454 1159
22 104839 3074
3231 9168490 659
731 2597875 7904
1516 5204613 1650
23 107913 1701
3232 9169149 699
732 2605779 5646
1517 5206263 887
24 109614 4297
3233 9169848 749
733 2611425 5362
1518 5207150 2495
25 113911 3753
3234 9170597 697
734 2616787 4481
1520 5214096 4705
27 117664 4027
3236 9172007 692
1521 5218801 1127
28 121691 4183
3237 9172699 706
1522 5219928 2291
29 125874 3564
1523 5222219 997
30 129438 3660
1524 5223216 2029
31 133098 3823
3240 9173405 699
32 136921 4049
3241 9174104 747
1526 5225245 1257
33 140970 3495
1527 5226502 1531
34 144465 4327
743 2626235 6337
1529 5228033 3983
36 148792 3780
3245 9175553 663
37 152572 4716
3246 9176216 710
746 2632572 3503
1574 5390873 1370
81 359097 1602
82 360699 4340
1576 5392243 21764
83 365039 1246
1577 5414007 881
84 366285 934
1578 5414888 3522
85 367219 2991
3294 9195195 717
86 370210 4070
1580 5418410 1434
87 374280 3554
3296 9195912 649
1581 5419844 1074
88 377834 2862
3297 9196561 741
1582 5420918 5799
89 380696 3551
1583 5426717 1233
90 384247 2615
91 386862 1123
1585 5427950 10823
92 387985 4227
1586 5438773 1338
93 392212 19873
3302 9197302 734
1587 5440111 17754
94 412085 3832
1589 5467353 2832
96 415917 3349
3305 9198727 771
97 419266 4843
1591 5470185 1343
98 424109 3318
1592 5471528 4607
99 427427 3241
3308 9199498 644
1594 5476135 1050
101 430668 6401
102 437069 3602
1596 5477185 2356
103 440671 6874
3312 9200798 717
1597 5479541 8154
104 447545 10174
1598 5487695 3282
105 457719 2206
3314 9201515 774
1599 5490977 1833
106 459925 3700
3315 9202289 704
1600 5492810 505
107 463625 2361
3316 9202993 732
1601 5493315 1559
108 465986 3751
1602 5494874 2330
109 469737 2975
3318 9203725 690
110 472712 3798
3319 9204415 713
111 476510 1655
1605 5497204 1332
112 478165 10159
1606 5498536 3195
113 488324 2163
1607 5501731 1264
114 490487 5025
3323 9205128 689
1608 5502995 1331
115 495512 2457
1609 5504326 1126
116 497969 1521
1610 5505452 5566
117 499490 7999
3326 9205817 661
1611 5511018 919
118 507489 6815
3327 9206478 667
1612 5511937 4351
119 514304 4460
1613 5516288 324
120 518764 9655
1614 5516612 8904
121 528419 6411
1615 5525516 3610
122 534830 5758
1616 5529126 1605
123 540588 2909
1617 5530731 1344
124 543497 5713
1618 5532075 6412
125 549210 10459
1619 5538487 4065
126 559669 4336
1620 5542552 1243
127 564005 6186
1621 5543795 2954
128 570191 4661
129 574852 2278
3338 9207145 717
1623 5546749 1797
130 577130 3466
3339 9207862 759
1624 5548546 4158
131 580596 8962
1625 5552704 12815
132 589558 1838
1626 5565519 1545
133 591396 5769
1627 5567064 4035
134 597165 4079
1628 5571099 3584
135 601244 4056
3344 9208621 735
1629 5574683 1363
136 605300 2639
3345 9209356 721
1630 5576046 1084
137 607939 400
3346 9210077 745
1631 5577130 3952
138 608339 1891
3347 9210822 714
1632 5581082 6893
139 610230 7433
3348 9211536 716
140 617663 4476
141 622139 2456
3350 9212252 686
1635 5587975 1561
142 624595 1758
1636 5589536 1493
143 626353 3136
144 629489 3547
1638 5591029 2187
145 633036 2822
1639 5593216 1727
146 635858 5260
1640 5594943 1765
147 641118 1174
1641 5596708 1153
148 642292 1188
1642 5597861 1622
149 643480 3125
3358 9212938 697
1643 5599483 806
150 646605 7634
1644 5600289 7020
151 654239 7681
3360 9213635 668
1645 5607309 8132
152 661920 1191
3361 9214303 678
1646 5615441 1469
153 663111 6046
3362 9214981 679
1647 5616910 1075
154 669157 1709
3363 9215660 666
155 670866 2341
3364 9216326 753
1649 5617985 2423
156 673207 4854
157 678061 1738
1651 5620408 6426
158 679799 3386
1652 5626834 1787
159 683185 1964
1653 5628621 7615
160 685149 1219
161 686368 2662
1655 5636236 6404
162 689030 708
1656 5642640 4022
163 689738 2837
1657 5646662 1392
164 692575 5246
1658 5648054 8350
165 697821 204
3374 9217079 706
1659 5656404 6948
166 698025 1677
3375 9217785 668
1660 5663352 9516
167 699702 2840
3376 9218453 689
351 1339304 7650
3560 9306875 657
352 1346954 3385
3561 9307532 668
353 1350339 3045
354 1353384 1928
3563 9308200 666
355 1355312 5594
3564 9308866 703
356 1360906 8193
3565 9309569 669
357 1369099 3231
3566 9310238 658
358 1372330 615
359 1372945 3665
3568 9310896 724
360 1376610 5138
3569 9311620 699
361 1381748 6941
3570 9312319 755
362 1388689 926
363 1389615 2363
364 1391978 4352
365 1396330 3572
3574 9313074 697
366 1399902 2910
3575 9313771 704
367 1402812 5626
368 1408438 5114
3577 9314475 718
369 1413552 7368
370 1420920 1141
371 1422061 3968
372 1426029 1380
373 1427409 7353
3582 9315193 805
374 1434762 3297
375 1438059 4399
3584 9315998 739
376 1442458 4884
3585 9316737 646
377 1447342 2391
378 1449733 6099
3587 9317383 640
379 1455832 2334
380 1458166 1764
381 1459930 15324
3590 9318023 700
383 1475254 5383
3592 9319429 717
384 1480637 1376
385 1482013 5708
386 1487721 1395
3595 9320146 704
388 1489116 4668
3597 9321516 672
389 1493784 4660
3598 9322188 666
390 1498444 9784
3599 9322854 643
391 1508228 1754
3600 9323497 673
392 1509982 3492
3601 9324170 673
393 1513474 15712
3602 9324843 697
395 1529186 3915
3604 9326171 650
396 1533101 7923
3605 9326821 675
397 1541024 13784
3606 9327496 667
398 1554808 3817
3607 9328163 764
399 1558625 14087
401 1572712 1984
402 1574696 1572
3611 9329660 704
403 1576268 2592
404 1578860 2033
3613 9330364 668
405 1580893 3751
3614 9331032 698
406 1584644 944
3615 9331730 681
407 1585588 1228
3616 9332411 640
408 1586816 1928
3617 9333051 653
409 1588744 1464
410 1590208 3864
3619 9333704 694
411 1594072 5724
412 1599796 2267
3621 9334398 698
413 1602063 2929
3622 9335096 714
414 1604992 1529
415 1606521 5779
3624 9335810 631
416 1612300 2698
417 1614998 1299
418 1616297 1282
419 1617579 1333
3628 9336441 745
420 1618912 7990
3629 9337186 693
421 1626902 1741
422 1628643 2844
423 1631487 1247
424 1632734 1429
426 1634163 3059
427 1637222 1292
3636 9337879 669
428 1638514 2795
429 1641309 1485
3638 9338548 703
430 1642794 949
431 1643743 2786
3640 9339251 646
432 1646529 1519
3641 9339897 749
433 1648048 956
434 1649004 2987
3643 9340646 650
435 1651991 1239
3644 9341296 648
436 1653230 8813
437 1662043 2627
3646 9341944 628
438 1664670 1644
439 1666314 2227
3648 9342572 785
440 1668541 2004
3649 9343357 702
441 1670545 6276
3650 9344059 637
442 1676821 2099
3651 9344696 653
443 1678920 1559
3652 9345349 645
444 1680479 3186
3653 9345994 661
445 1683665 4064
446 1687729 2709
447 1690438 2878
448 1693316 1050
3657 9346655 630
449 1694366 1456
450 1695822 5515
3659 9347285 648
451 1701337 1646
452 1702983 3626
453 1706609 2080
3662 9347933 763
454 1708689 5829
3663 9348696 619
455 1714518 6783
456 1721301 1213
3665 9349315 687
457 1722514 1541
458 1724055 352
3667 9350002 3167
459 1724407 2192
3668 9353169 2121
461 1726599 2968
462 1729567 1209
3671 9365489 1386
464 1730776 912
465 1731688 1861
3674 9372071 6665
467 1733549 6885
3676 9386594 1445
468 1740434 2683
3677 9388039 1790
469 1743117 1603
471 1744720 1727
472 1746447 940
3681 9393260 2141
473 1747387 8960
3682 9395401 6074
474 1756347 5625
3683 9401475 2124
475 1761972 5681
3684 9403599 1458
476 1767653 5471
3685 9405057 1114
477 1773124 6737
3686 9406171 3173
478 1779861 2117
3687 9409344 6314
479 1781978 19495
480 1801473 7709
3689 9415658 2390
481 1809182 1823
3690 9418048 2616
482 1811005 1245
3691 9420664 2642
483 1812250 3070
484 1815320 1876
3693 9423306 1444
485 1817196 2690
3694 9424750 8487
486 1819886 4172
3695 9433237 3911
487 1824058 1431
488 1825489 619
3697 9437148 10453
489 1826108 6594
490 1832702 2427
491 1835129 1846
492 1836975 3353
493 1840328 1928
494 1842256 13744
3703 9447601 4390
495 1856000 518
3704 9451991 4660
496 1856518 1664
3705 9456651 3001
497 1858182 3065
3706 9459652 1334
498 1861247 2384
499 1863631 2811
3708 9460986 1967
500 1866442 18391
3709 9462953 1697
501 1884833 1485
3710 9464650 1735
502 1886318 3270
503 1889588 1239
504 1890827 1803
3713 9466385 2174
505 1892630 4574
3714 9468559 1022
506 1897204 1103
3715 9469581 1908
507 1898307 4271
3716 9471489 4003
508 1902578 1841
3717 9475492 2242
509 1904419 2188
3718 9477734 5440
510 1906607 245
3719 9483174 1754
511 1906852 4964
3720 9484928 1915
512 1911816 2648
3721 9486843 2558
513 1914464 2620
514 1917084 403
3723 9489401 2400
515 1917487 1549
516 1919036 1516
3725 9491801 1804
517 1920552 2262
3726 9493605 2391
518 1922814 1509
519 1924323 1080
3728 9495996 4953
520 1925403 2785
521 1928188 1046
3730 9500949 13692
522 1929234 339
523 1929573 4617
3732 9514641 987
524 1934190 1310
3733 9515628 14518
525 1935500 897
3734 9530146 1850
526 1936397 3926
527 1940323 1350
3736 9531996 1091
528 1941673 3129
3737 9533087 1522
529 1944802 2642
3738 9534609 1761
530 1947444 565
3739 9536370 6093
531 1948009 1317
3740 9542463 2991
532 1949326 1275
3741 9545454 3085
533 1950601 2517
3742 9548539 2406
534 1953118 1201
3743 9550945 1962
535 1954319 8162
3744 9552907 2849
537 1962481 1357
539 1963838 3866
3748 9568360 3336
540 1967704 3728
541 1971432 3478
3750 9571696 2542
542 1974910 7037
3751 9574238 2977
543 1981947 4917
3752 9577215 1386
544 1986864 1676
3753 9578601 2360
545 1988540 1622
3754 9580961 5320
546 1990162 2038
3755 9586281 1659
547 1992200 1361
3756 9587940 1312
548 1993561 501
549 1994062 1384
3758 9589252 2038
550 1995446 2304
3759 9591290 2093
551 1997750 4494
3760 9593383 2642
553 2002244 11604
3762 9598088 1506
554 2013848 2069
3763 9599594 1504
555 2015917 820
3764 9601098 1415
556 2016737 928
3765 9602513 2537
557 2017665 1078
3766 9605050 2706
558 2018743 1846
3767 9607756 723
559 2020589 738
3768 9608479 6023
560 2021327 11612
3769 9614502 3358
561 2032939 1795
562 2034734 2971
3771 9617860 4026
563 2037705 3755
3772 9621886 2101
564 2041460 962
3773 9623987 3458
565 2042422 2216
3774 9627445 7616
566 2044638 1241
3775 9635061 2678
567 2045879 4799
3776 9637739 2737
568 2050678 335
3777 9640476 9683
569 2051013 7095
3778 9650159 19347
570 2058108 1079
3779 9669506 3125
571 2059187 1794
3780 9672631 2758
572 2060981 2591
3781 9675389 5398
573 2063572 1516
3782 9680787 2276
574 2065088 1270
575 2066358 6671
3784 9683063 6605
576 2073029 3595
3785 9689668 972
577 2076624 1034
3786 9690640 4889
578 2077658 3559
3787 9695529 8288
579 2081217 1656
3788 9703817 5357
580 2082873 3008
3789 9709174 6702
581 2085881 1332
3790 9715876 957
582 2087213 536
3791 9716833 3800
583 2087749 794
3792 9720633 2982
584 2088543 4831
3793 9723615 3613
585 2093374 1246
3794 9727228 2549
586 2094620 6453
3795 9729777 3710
587 2101073 2689
3796 9733487 4704
588 2103762 471
3797 9738191 9643
589 2104233 4267
3798 9747834 9663
590 2108500 552
3799 9757497 11549
591 2109052 1484
3800 9769046 2155
592 2110536 2138
3801 9771201 4837
593 2112674 2803
3802 9776038 3035
594 2115477 3192
595 2118669 1391
3804 9779073 5829
596 2120060 1549
597 2121609 1145
598 2122754 1465
3807 9784902 8424
599 2124219 2404
3808 9793326 8811
600 2126623 612
3809 9802137 2779
602 2127235 2061
3811 9809436 3176
603 2129296 1898
3812 9812612 1984
604 2131194 2706
3813 9814596 10684
605 2133900 3241
3814 9825280 6340
607 2137141 3474
3816 9836510 5332
609 2140615 2153
3818 9843186 1886
610 2142768 1737
3819 9845072 3641
611 2144505 1066
3820 9848713 221
612 2145571 1493
3821 9848934 3735
613 2147064 1076
3822 9852669 2561
614 2148140 1365
3823 9855230 7706
615 2149505 5381
616 2154886 5031
3825 9862936 6529
617 2159917 2165
3826 9869465 8836
618 2162082 1753
3827 9878301 3190
619 2163835 4037
620 2167872 2323
3829 9881491 1885
621 2170195 2284
3830 9883376 7088
622 2172479 7679
3831 9890464 3418
623 2180158 1327
3832 9893882 2656
624 2181485 1506
3833 9896538 1153
625 2182991 4309
3834 9897691 11670
626 2187300 1289
3835 9909361 10874
627 2188589 1281
628 2189870 1437
3837 9920235 6945
629 2191307 1769
630 2193076 5244
3839 9927180 2310
631 2198320 2557
3840 9929490 515
633 2200877 3190
634 2204067 10955
635 2215022 3822
3844 9932783 4329
636 2218844 9599
3845 9937112 2342
637 2228443 3806
3846 9939454 9221
638 2232249 1589
3847 9948675 6528
639 2233838 2121
3848 9955203 1589
640 2235959 7085
3849 9956792 7433
641 2243044 1896
642 2244940 7383
3851 9964225 7689
643 2252323 3388
3852 9971914 4509
644 2255711 1955
3853 9976423 2974
645 2257666 12892
3854 9979397 6340
646 2270558 5282
3855 9985737 9290
647 2275840 4727
3856 9995027 2996
648 2280567 1389
3857 9998023 4399
649 2281956 2488
3858 10002422 3934
650 2284444 2343
3859 10006356 1753
651 2286787 2175
3860 10008109 6530
652 2288962 3622
3861 10014639 5505
653 2292584 1357
3862 10020144 5245
654 2293941 11040
3863 10025389 8052
655 2304981 1175
3864 10033441 1847
656 2306156 699
3865 10035288 2821
657 2306855 4809
3866 10038109 1983
658 2311664 2095
3867 10040092 3160
659 2313759 1310
3868 10043252 2459
660 2315069 924
661 2315993 7452
662 2323445 3110
3871 10045711 2044
663 2326555 1918
3872 10047755 6284
664 2328473 2908
665 2331381 996
3874 10054039 4401
667 2332377 1377
3876 10062315 6906
668 2333754 539
3877 10069221 3630
671 2334293 4998
3880 10080823 5290
672 2339291 3255
3881 10086113 4479
673 2342546 2222
3882 10090592 3413
674 2344768 891
3883 10094005 4127
675 2345659 813
676 2346472 1260
3885 10098132 7944
677 2347732 5697
3886 10106076 4616
678 2353429 1624
3887 10110692 4434
679 2355053 799
3888 10115126 4410
680 2355852 1716
3889 10119536 4102
681 2357568 13029
3890 10123638 5576
682 2370597 562
3891 10129214 7826
683 2371159 1887
3892 10137040 2383
684 2373046 2512
3893 10139423 2136
685 2375558 2344
3894 10141559 2965
686 2377902 2711
687 2380613 1680
688 2382293 625
689 2382918 2179
690 2385097 2230
691 2387327 2250
692 2389577 2357
693 2391934 2145
694 2394079 493
695 2394572 2477
696 2397049 1249
697 2398298 3142
698 2401440 1590
699 2403030 781
700 2403811 1061
701 2404872 4999
702 2409871 6570
708 2416441 8643
709 2425084 4028
735 2621268 4967
1676 5737851 4518
1677 5742369 4154
1678 5746523 1556
1679 5748079 4496
1680 5752575 1383
1681 5753958 1198
1682 5755156 1509
1683 5756665 7470
1684 5764135 2211
1685 5766346 18046
1686 5784392 8905
1687 5793297 5678
1688 5798975 4026
1689 5803001 3615
1690 5806616 2096
1691 5808712 16369
1692 5825081 4450
1693 5829531 1173
1694 5830704 1986
1695 5832690 1394
1696 5834084 8208
1697 5842292 5171
1698 5847463 6855
1699 5854318 1966
1700 5856284 8264
1701 5864548 7552
1702 5872100 8524
1703 5880624 4989
1704 5885613 6792
1705 5892405 15094
1706 5907499 7576
1707 5915075 5069
1708 5920144 1393
1709 5921537 1582
1710 5923119 2176
1712 5925295 857
1713 5926152 6465
1714 5932617 2175
1716 5934792 4238
1717 5939030 1912
1718 5940942 5246
1719 5946188 5457
1720 5951645 9113
1721 5960758 4693
1722 5965451 9550
1723 5975001 3784
1724 5978785 1085
1725 5979870 1450
1726 5981320 1383
1727 5982703 9085
1728 5991788 284
1729 5992072 1757
1730 5993829 808
1731 5994637 1498
1732 5996135 12579
1733 6008714 8096
1734 6016810 4108
1735 6020918 5039
1736 6025957 4516
1737 6030473 8970
1738 6039443 2238
1739 6041681 5370
1740 6047051 2946
1741 6049997 3155
1742 6053152 1718
1743 6054870 8154
1744 6063024 3690
1745 6066714 14159
1746 6080873 3291
1747 6084164 3867
1748 6088031 4309
1749 6092340 11592
1750 6103932 941
1751 6104873 8060
1752 6112933 6322
1753 6119255 845
1754 6120100 5743
1755 6125843 15706
1756 6141549 946
1757 6142495 6106
1758 6148601 719
1759 6149320 5291
1760 6154611 8085
1761 6162696 1504
1762 6164200 4404
1763 6168604 734
1764 6169338 8957
1765 6178295 1423
1766 6179718 3801
1767 6183519 1706
1768 6185225 2749
1769 6187974 2713
1770 6190687 560
1771 6191247 4202
1772 6195449 6091
1773 6201540 1780
1774 6203320 3660
1775 6206980 2505
1777 6209485 5781
1778 6215266 7784
1780 6223050 889
1781 6223939 1249
1782 6225188 2027
1783 6227215 4086
1784 6231301 3540
1786 6234841 4104
1787 6238945 2916
1788 6241861 2859
1789 6244720 3508
1790 6248228 5618
1791 6253846 4651
1792 6258497 5109
1793 6263606 2722
1794 6266328 9159
1795 6275487 9400
1796 6284887 5582
1798 6290469 7361
1802 6297830 2612
1803 6300442 8396
1804 6308838 1317
1805 6310155 1887
1806 6312042 3085
1807 6315127 4571
1808 6319698 2071
1809 6321769 1213
1810 6322982 1240
1811 6324222 5308
1812 6329530 2774
1813 6332304 4034
1814 6336338 1156
1815 6337494 2027
1817 6339521 1373
1818 6340894 3002
1819 6343896 1587
1822 6345483 755
1823 6346238 562
1826 6346800 541
1827 6347341 593
1828 6347934 1362
1829 6349296 3544
1830 6352840 3786
1831 6356626 560
1832 6357186 2121
1833 6359307 1370
1834 6360677 3444
1835 6364121 6267
1836 6370388 3273
1837 6373661 5338
1838 6378999 3009
1839 6382008 3819
1840 6385827 3296
1841 6389123 3039
1843 6392162 1949
1844 6394111 3198
1846 6397309 243
1853 6397552 10088
1854 6407640 2063
1855 6409703 3841
1856 6413544 3486
1857 6417030 4220
1858 6421250 1544
1859 6422794 1453
1862 6424247 3116
1864 6427363 1976
1866 6429339 3708
1867 6433047 2033
1868 6435080 3266
1869 6438346 2885
1870 6441231 7597
1871 6448828 397
1872 6449225 499
1873 6449724 11302
1874 6461026 4493
1876 6465519 9059
1877 6474578 3446
1878 6478024 2074
1879 6480098 2046
1880 6482144 7138
1881 6489282 6508
1882 6495790 3710
1883 6499500 2276
1884 6501776 15013
1885 6516789 6441
1886 6523230 1361
1887 6524591 2017
1889 6526608 2586
1890 6529194 2132
1891 6531326 1581
1892 6532907 742
1893 6533649 1383
1894 6535032 751
1895 6535783 404
1896 6536187 4035
1898 6540222 3074
1899 6543296 4181
1900 6547477 7603
1901 6555080 5442
1902 6560522 1373
1904 6561895 1158
1905 6563053 924
1906 6563977 1884
1907 6565861 2418
1908 6568279 5502
1910 6573781 8099
1911 6581880 2490
1912 6584370 921
1913 6585291 854
1914 6586145 1642
1915 6587787 2258
1916 6590045 7291
1917 6597336 1645
1918 6598981 4758
1919 6603739 2467
1920 6606206 3645
1921 6609851 2715
1922 6612566 6982
1923 6619548 2329
1924 6621877 3032
1926 6624909 2538
1927 6627447 2926
1928 6630373 1904
1929 6632277 1270
1930 6633547 4745
1931 6638292 1651
1932 6639943 1020
1933 6640963 1604
1934 6642567 1808
1935 6644375 4614
1936 6648989 1660
1937 6650649 2702
1938 6653351 9348
1939 6662699 1867
1940 6664566 2691
1942 6667257 3547
1943 6670804 6169
1944 6676973 3392
1945 6680365 2958
1946 6683323 7905
1947 6691228 1751
1948 6692979 2231
1949 6695210 1691
1950 6696901 950
1952 6697851 1692
1953 6699543 1808
1955 6701351 7374
1956 6708725 3136
1957 6711861 1672
1958 6713533 1407
1959 6714940 7684
1960 6722624 1994
1961 6724618 2125
1962 6726743 1822
1963 6728565 1676
1964 6730241 2070
1965 6732311 1153
1966 6733464 1611
1967 6735075 245
1968 6735320 2830
1969 6738150 945
1970 6739095 1140
1971 6740235 15558
1972 6755793 6444
1973 6762237 14030
1974 6776267 744
1976 6777011 2080
1977 6779091 2606
1978 6781697 2867
1979 6784564 1778
1980 6786342 20052
1981 6806394 9075
1982 6815469 3558
1983 6819027 3578
1984 6822605 3419
1986 6826024 3396
1987 6829420 442
1989 6829862 2945
1991 6832807 1896
1992 6834703 4139
1994 6838842 2990
1995 6841832 938
1998 6842770 3843
2000 6846613 28693
2001 6875306 4253
2002 6879559 7405
2003 6886964 9402
2004 6896366 30312
2005 6926678 19683
2006 6946361 1005
2007 6947366 634
2008 6948000 2348
2009 6950348 1601
2010 6951949 5042
2011 6956991 3350
2012 6960341 4066
2013 6964407 2482
2014 6966889 4621
2015 6971510 1150
2016 6972660 2030
2017 6974690 687
2018 6975377 430
2019 6975807 9984
2020 6985791 2333
2023 6988124 3533
2024 6991657 940
2025 6992597 2627
2026 6995224 3156
2027 6998380 355
2028 6998735 7239
2029 7005974 19070
2030 7025044 5741
2031 7030785 1319
2032 7032104 2195
2033 7034299 2345
2034 7036644 2633
2037 7039277 9062
2038 7048339 3644
2040 7051983 2373
2042 7054356 850
2043 7055206 392
2044 7055598 1193
2045 7056791 3886
2046 7060677 1153
2047 7061830 3544
2048 7065374 3244
2049 7068618 1594
2050 7070212 1355
2051 7071567 2042
2052 7073609 2183
2054 7075792 1341
2055 7077133 3955
2056 7081088 567
2057 7081655 6491
2058 7088146 2595
2059 7090741 3708
2060 7094449 835
2061 7095284 1289
2062 7096573 2432
2063 7099005 704
2064 7099709 796
2065 7100505 5005
2066 7105510 2163
2067 7107673 1031
2068 7108704 5431
2069 7114135 2012
2070 7116147 1516
2071 7117663 1871
2072 7119534 1174
2073 7120708 1215
2074 7121923 6979
2075 7128902 3783
2076 7132685 1042
2078 7133727 2281
2079 7136008 3255
2080 7139263 2597
2082 7141860 1119
2083 7142979 1782
2084 7144761 5211
2085 7149972 1283
2087 7151255 1743
2088 7152998 2428
2089 7155426 1696
2090 7157122 1627
2091 7158749 2688
2092 7161437 3256
2094 7164693 1805
2095 7166498 991
2096 7167489 1522
2097 7169011 2048
2098 7171059 1576
2099 7172635 1849
2100 7174484 1313
2101 7175797 1949
2102 7177746 1635
2103 7179381 856
2104 7180237 2757
2105 7182994 1899
2106 7184893 6201
2107 7191094 2748
2108 7193842 1407
2109 7195249 1248
2110 7196497 2691
2111 7199188 1496
2112 7200684 2335
2113 7203019 1493
2114 7204512 1374
2115 7205886 2207
2116 7208093 1557
2117 7209650 1728
2118 7211378 5217
2120 7216595 5607
2121 7222202 1706
2122 7223908 1335
2124 7225243 1603
2127 7226846 865
2128 7227711 1647
2129 7229358 4036
2130 7233394 3256
2131 7236650 3002
2133 7239652 2760
2134 7242412 1429
2135 7243841 1387
2136 7245228 887
2137 7246115 2206
2138 7248321 1653
2139 7249974 1125
2140 7251099 3396
2141 7254495 3234
2142 7257729 3780
2143 7261509 1771
2144 7263280 4892
2145 7268172 3941
2147 7272113 1832
2148 7273945 992
2149 7274937 1288
2150 7276225 1013
2151 7277238 1164
2153 7278402 2319
2154 7280721 1887
2155 7282608 1171
2156 7283779 1327
2157 7285106 1252
2158 7286358 4195
2159 7290553 1517
2160 7292070 2726
2161 7294796 2181
2162 7296977 1135
2163 7298112 1879
2164 7299991 5017
2165 7305008 2365
2166 7307373 5699
2167 7313072 2550
2168 7315622 8604
2169 7324226 7412
2170 7331638 2423
2171 7334061 1452
2172 7335513 1671
2173 7337184 2691
2174 7339875 2642
2175 7342517 2295
2176 7344812 3100
2177 7347912 2091
2178 7350003 3016
2179 7353019 6995
2180 7360014 6408
2181 7366422 6903
2182 7373325 6779
2183 7380104 3999
2184 7384103 8129
2185 7392232 7844
2186 7400076 3151
2187 7403227 1819
2188 7405046 2993
2189 7408039 1646
2190 7409685 3050
2191 7412735 3446
2192 7416181 1889
2193 7418070 1564
2194 7419634 4775
2195 7424409 1766
2196 7426175 1534
2197 7427709 2468
2198 7430177 3668
2199 7433845 2079
2200 7435924 1480
2201 7437404 2810
2202 7440214 7851
2203 7448065 3321
2205 7451386 8896
2206 7460282 3764
2207 7464046 2849
2208 7466895 2223
2209 7469118 3605
2210 7472723 3504
2212 7476227 1615
2213 7477842 1827
2214 7479669 6393
2215 7486062 3223
2216 7489285 2268
2217 7491553 1887
2218 7493440 3476
2219 7496916 5523
2220 7502439 2043
2221 7504482 4186
2222 7508668 2739
2223 7511407 3782
2224 7515189 1774
2225 7516963 1555
2226 7518518 1583
2227 7520101 1639
2228 7521740 3678
2229 7525418 2772
2230 7528190 4008
2231 7532198 2417
2233 7534615 2613
2234 7537228 2398
2235 7539626 2551
2236 7542177 23257
2238 7565434 3638
2239 7569072 6346
2241 7575418 3305
2242 7578723 3430
2243 7582153 5239
2244 7587392 1632
2245 7589024 2621
2246 7591645 3439
2247 7595084 2482
2248 7597566 1089
2249 7598655 2412
2250 7601067 5104
2251 7606171 4263
2252 7610434 3036
2253 7613470 3780
2254 7617250 2663
2255 7619913 5474
2256 7625387 2528
2257 7627915 3786
2258 7631701 1087
2259 7632788 5300
2260 7638088 1442
2261 7639530 1202
2262 7640732 2062
2263 7642794 7443
2264 7650237 3335
2265 7653572 2534
2266 7656106 269
2267 7656375 193
2269 7656568 193
2271 7656761 684
2272 7657445 637
2273 7658082 725
2274 7658807 678
2275 7659485 617
2276 7660102 219
2277 7660321 617
2278 7660938 644
2279 7661582 723
2280 7662305 301
2281 7662606 193
2282 7662799 670
2283 7663469 181
2284 7663650 689
2285 7664339 635
2286 7664974 630
2288 7665604 633
2289 7666237 633
2293 7666870 636
2294 7667506 223
2295 7667729 677
2296 7668406 651
2297 7669057 644
2299 7669701 613
2300 7670314 279
2301 7670593 740
2302 7671333 281
2303 7671614 622
2304 7672236 348
2305 7672584 223
2306 7672807 717
2307 7673524 676
2308 7674200 573
2309 7674773 633
2310 7675406 713
2311 7676119 626
2312 7676745 686
2313 7677431 662
2314 7678093 634
2315 7678727 670
2316 7679397 660
2317 7680057 676
2320 7680733 636
2321 7681369 632
2322 7682001 602
2324 7682603 637
2325 7683240 728
2326 7683968 634
2328 7684602 281
2329 7684883 570
2331 7685453 261
2332 7685714 677
2333 7686391 653
2335 7687044 291
2336 7687335 621
2337 7687956 197
2338 7688153 718
2339 7688871 644
2340 7689515 197
2341 7689712 233
2342 7689945 219
2344 7690164 615
2347 7690779 721
2348 7691500 703
2349 7692203 625
2350 7692828 283
2353 7693111 223
2354 7693334 300
2355 7693634 334
2357 7693968 677
2358 7694645 651
2359 7695296 243
2360 7695539 286
2361 7695825 330
2362 7696155 689
2363 7696844 189
2364 7697033 327
2366 7697360 237
2367 7697597 628
2368 7698225 323
2369 7698548 675
2370 7699223 711
2371 7699934 627
2373 7700561 628
2374 7701189 632
2375 7701821 215
2377 7702036 678
2378 7702714 277
2379 7702991 241
2380 7703232 678
2381 7703910 648
2383 7704558 261
2384 7704819 677
2385 7705496 225
2386 7705721 628
2387 7706349 233
2388 7706582 631
2390 7707213 644
2391 7707857 710
2392 7708567 665
2393 7709232 687
2394 7709919 643
2395 7710562 694
2396 7711256 670
2397 7711926 665
2398 7712591 670
2399 7713261 661
2400 7713922 653
2401 7714575 249
2402 7714824 631
2405 7715455 628
2406 7716083 645
2407 7716728 663
2408 7717391 636
2409 7718027 669
2410 7718696 223
2412 7718919 676
2413 7719595 237
2414 7719832 648
2416 7720480 648
2417 7721128 679
2418 7721807 642
2419 7722449 641
2420 7723090 637
2421 7723727 281
2423 7724008 690
2424 7724698 193
2425 7724891 657
2430 7725548 622
2431 7726170 271
2432 7726441 219
2433 7726660 231
2435 7726891 599
2436 7727490 629
2437 7728119 645
2438 7728764 663
2439 7729427 637
2440 7730064 632
2441 7730696 221
2442 7730917 617
2443 7731534 679
2445 7732213 631
2447 7732844 645
2448 7733489 622
2449 7734111 679
2450 7734790 281
2451 7735071 628
2452 7735699 217
2453 7735916 655
2454 7736571 679
2456 7737250 219
2457 7737469 181
2458 7737650 219
2459 7737869 600
2460 7738469 629
2461 7739098 646
2462 7739744 665
2463 7740409 638
2464 7741047 621
2465 7741668 221
2466 7741889 619
2468 7742508 267
2469 7742775 647
2470 7743422 620
2471 7744042 679
2472 7744721 405
2473 7745126 629
2474 7745755 195
2475 7745950 661
2476 7746611 275
2477 7746886 780
2479 7747666 656
2480 7748322 678
2481 7749000 225
2482 7749225 261
2483 7749486 225
2484 7749711 249
2485 7749960 225
2486 7750185 213
2487 7750398 225
2488 7750623 219
2491 7750842 629
2493 7751471 615
2495 7752086 635
2496 7752721 636
2497 7753357 602
2498 7753959 629
2499 7754588 645
2500 7755233 662
2501 7755895 636
2502 7756531 617
2503 7757148 215
2504 7757363 645
2505 7758008 621
2507 7758629 677
2509 7759306 625
2510 7759931 617
2511 7760548 235
2512 7760783 223
2513 7761006 183
2514 7761189 658
2515 7761847 677
2516 7762524 237
2517 7762761 181
2518 7762942 219
2520 7763161 600
2521 7763761 637
2525 7764398 619
2526 7765017 207
2527 7765224 615
2529 7765839 247
2530 7766086 645
2531 7766731 617
2533 7767348 299
2534 7767647 624
2535 7768271 261
2536 7768532 629
2537 7769161 195
2538 7769356 658
2540 7770014 191
2541 7770205 631
2542 7770836 233
2543 7771069 205
2544 7771274 169
2546 7771443 600
2548 7772043 645
2550 7772688 637
2551 7773325 620
2553 7773945 219
2556 7774164 267
2557 7774431 259
2559 7774690 621
2560 7775311 241
2561 7775552 223
2563 7775775 221
2565 7775996 275
2566 7776271 704
2568 7776975 625
2569 7777600 223
2570 7777823 263
2571 7778086 659
2573 7778745 695
2574 7779440 646
2575 7780086 678
2576 7780764 667
2578 7781431 656
2579 7782087 683
2580 7782770 671
2581 7783441 681
2582 7784122 673
2583 7784795 661
2584 7785456 273
2585 7785729 635
2586 7786364 630
2588 7786994 630
2589 7787624 640
2590 7788264 665
2591 7788929 636
2592 7789565 681
2594 7790246 615
2595 7790861 229
2596 7791090 629
2597 7791719 677
2598 7792396 225
2599 7792621 655
2600 7793276 235
2602 7793511 620
2603 7794131 693
2606 7794824 622
2607 7795446 195
2608 7795641 659
2610 7796300 317
2611 7796617 169
2612 7796786 297
2613 7797083 169
2614 7797252 598
2615 7797850 629
2616 7798479 645
2617 7799124 668
2618 7799792 638
2619 7800430 632
2623 7801062 231
2626 7801293 619
2628 7801912 353
2629 7802265 199
2630 7802464 205
2631 7802669 255
2632 7802924 621
2633 7803545 195
2634 7803740 658
2636 7804398 289
2637 7804687 303
2638 7804990 598
2640 7805588 616
2641 7806204 169
2642 7806373 223
2643 7806596 183
2644 7806779 243
2647 7807022 653
2650 7807675 631
2651 7808306 645
2652 7808951 666
2653 7809617 636
2654 7810253 682
2655 7810935 678
2656 7811613 223
2657 7811836 645
2658 7812481 619
2661 7813100 724
2662 7813824 595
2663 7814419 241
2664 7814660 638
2665 7815298 323
2669 7815621 195
2670 7815816 660
2671 7816476 213
2672 7816689 678
2673 7817367 217
2674 7817584 681
2675 7818265 671
2676 7818936 731
2677 7819667 691
2678 7820358 645
2679 7821003 651
2680 7821654 648
2681 7822302 672
2682 7822974 671
2683 7823645 730
2684 7824375 636
2687 7825011 636
2688 7825647 599
2689 7826246 631
2690 7826877 645
2691 7827522 666
2692 7828188 634
2693 7828822 734
2694 7829556 221
2697 7829777 223
2698 7830000 646
2699 7830646 618
2701 7831264 321
2702 7831585 319
2703 7831904 630
2704 7832534 233
2707 7832767 663
2708 7833430 267
2709 7833697 273
2710 7833970 297
2711 7834267 285
2713 7834552 602
2714 7835154 636
2715 7835790 640
2716 7836430 663
2717 7837093 645
2719 7837738 233
2721 7837971 678
2722 7838649 652
2723 7839301 253
2724 7839554 644
2725 7840198 617
2726 7840815 678
2727 7841493 235
2728 7841728 201
2729 7841929 375
2730 7842304 638
2731 7842942 263
2732 7843205 675
2736 7843880 299
2737 7844179 683
2740 7844862 649
2741 7845511 617
2743 7846128 239
2744 7846367 640
2746 7847007 619
2747 7847626 221
2748 7847847 617
2750 7848464 229
2751 7848693 241
2752 7848934 217
2753 7849151 307
2755 7849458 740
2756 7850198 647
2757 7850845 666
2758 7851511 692
2759 7852203 666
2760 7852869 627
2761 7853496 666
2762 7854162 681
2764 7854843 673
2765 7855516 667
2766 7856183 2021
2767 7858204 3123
2768 7861327 6349
2769 7867676 992
2770 7868668 6649
2772 7875317 1157
2774 7876474 6348
2775 7882822 2887
2776 7885709 5120
2777 7890829 9063
2778 7899892 7370
2779 7907262 1832
2781 7909094 3600
2782 7912694 1509
2783 7914203 663
2784 7914866 3303
2786 7918169 2885
2787 7921054 2243
2788 7923297 5702
2790 7928999 4449
2791 7933448 704
2793 7934152 1553
2795 7935705 2517
2796 7938222 4362
2797 7942584 2987
2798 7945571 5483
2799 7951054 5907
2800 7956961 4489
2801 7961450 2776
2802 7964226 2079
2803 7966305 1077
2805 7967382 2665
2806 7970047 5826
2807 7975873 947
2808 7976820 1814
2809 7978634 1746
2810 7980380 7487
2811 7987867 1218
2812 7989085 2253
2813 7991338 2470
2814 7993808 1415
2816 7995223 5040
2817 8000263 6140
2818 8006403 11673
2819 8018076 1232
2820 8019308 2342
2822 8021650 1276
2823 8022926 2177
2824 8025103 2815
2825 8027918 5210
2826 8033128 2471
2827 8035599 3070
2828 8038669 20122
2830 8058791 1616
2831 8060407 2249
2832 8062656 1762
2833 8064418 1448
2834 8065866 7353
2835 8073219 4645
2836 8077864 12625
2837 8090489 2433
2838 8092922 1825
2840 8094747 3139
2841 8097886 1435
2842 8099321 3927
2845 8103248 1360
2846 8104608 2403
2847 8107011 1971
2848 8108982 2360
2849 8111342 3477
2850 8114819 221
2851 8115040 976
2852 8116016 7356
2853 8123372 5209
2855 8128581 4455
2856 8133036 3736
2857 8136772 2776
2859 8139548 4025
2860 8143573 5292
2861 8148865 2844
2862 8151709 2022
2863 8153731 4793
2864 8158524 1242
2865 8159766 2595
2866 8162361 788
2867 8163149 3275
2868 8166424 799
2870 8167223 6366
2871 8173589 5776
2872 8179365 10815
2875 8190180 2177
2877 8192357 4348
2878 8196705 6386
2879 8203091 3070
2880 8206161 6105
2882 8212266 1700
2883 8213966 6470
2884 8220436 3273
2885 8223709 6719
2886 8230428 9063
2887 8239491 1456
2888 8240947 2925
2889 8243872 1806
2890 8245678 3388
2891 8249066 6061
2893 8255127 6310
2896 8261437 9793
2897 8271230 1187
2898 8272417 720
2899 8273137 1147
2900 8274284 3812
2901 8278096 663
2902 8278759 5537
2903 8284296 1387
2905 8285683 2394
2906 8288077 5522
2907 8293599 12206
2908 8305805 2603
2909 8308408 26093
2910 8334501 3723
2911 8338224 4060
2912 8342284 12437
2914 8354721 3913
2915 8358634 14664
2916 8373298 12304
2917 8385602 3703
2920 8389305 1838
2922 8391143 3238
2923 8394381 2904
2924 8397285 5830
2925 8403115 9631
2926 8412746 4065
2927 8416811 1141
2928 8417952 1823
2930 8419775 4622
2931 8424397 4590
2932 8428987 4410
2933 8433397 1891
2934 8435288 4387
2935 8439675 3715
2937 8443390 4207
2938 8447597 1146
2939 8448743 778
2940 8449521 8837
2941 8458358 3970
2942 8462328 7018
2943 8469346 1496
2944 8470842 2497
2945 8473339 1131
2946 8474470 1072
2948 8475542 5376
2949 8480918 11031
2950 8491949 793
2951 8492742 710
2953 8493452 10150
2954 8503602 1332
2955 8504934 3126
2956 8508060 847
2958 8508907 668
2959 8509575 1035
2960 8510610 773
2961 8511383 1779
2962 8513162 12330
2963 8525492 4341
2965 8529833 3636
2966 8533469 5197
2967 8538666 7841
2971 8546507 7278
2972 8553785 3724
2974 8557509 469
2978 8557978 3935
2979 8561913 802
2980 8562715 879
2981 8563594 5722
2982 8569316 1496
2983 8570812 2162
2984 8572974 2642
2985 8575616 3698
2986 8579314 3293
2987 8582607 2102
2988 8584709 4831
2989 8589540 10150
2990 8599690 604
2991 8600294 3163
2992 8603457 3458
2994 8606915 3795
2996 8610710 9873
2998 8620583 1647
3001 8622230 3695
3002 8625925 2023
3004 8627948 1390
3005 8629338 9465
3006 8638803 4587
3007 8643390 2613
3008 8646003 3602
3010 8649605 1502
3012 8651107 4760
3013 8655867 2901
3014 8658768 8562
3015 8667330 7792
3016 8675122 5323
3017 8680445 3058
3019 8683503 1241
3020 8684744 2844
3022 8687588 1960
3024 8689548 530
3026 8690078 514
3027 8690592 2063
3029 8692655 5903
3030 8698558 2529
3032 8701087 8953
3033 8710040 3634
3035 8713674 3040
3036 8716714 8955
3037 8725669 4031
3038 8729700 3390
3039 8733090 3632
3040 8736722 1458
3041 8738180 4548
3042 8742728 1037
3043 8743765 1803
3044 8745568 5602
3045 8751170 2114
3046 8753284 1805
3047 8755089 15866
3049 8770955 2269
3050 8773224 2666
3051 8775890 5433
3052 8781323 3929
3054 8785252 3844
3055 8789096 1874
3056 8790970 3669
3057 8794639 6628
3058 8801267 2991
3060 8804258 4767
3061 8809025 4591
3062 8813616 2748
3063 8816364 4791
3064 8821155 2186
3065 8823341 731
3066 8824072 3160
3067 8827232 5213
3068 8832445 5584
3069 8838029 4710
3070 8842739 5545
3071 8848284 1903
3072 8850187 3923
3073 8854110 6091
3074 8860201 2481
3075 8862682 4453
3076 8867135 1002
3077 8868137 828
3078 8868965 4188
3079 8873153 2702
3080 8875855 2997
3081 8878852 1270
3082 8880122 1963
3083 8882085 2341
3084 8884426 2748
3085 8887174 2325
3086 8889499 1318
3087 8890817 4766
3088 8895583 4631
3089 8900214 3612
3090 8903826 3156
3091 8906982 4121
3092 8911103 4509
3093 8915612 2787
3094 8918399 3876
3095 8922275 2341
3096 8924616 1760
3097 8926376 2337
3098 8928713 20483
3100 8949196 4112
3102 8953308 8795
3103 8962103 2736
3104 8964839 5364
3105 8970203 5363
3106 8975566 3706
3107 8979272 4229
3108 8983501 5957
3109 8989458 3094
3110 8992552 5521
3111 8998073 1763
3112 8999836 2641
3113 9002477 5003
3114 9007480 4763
3115 9012243 3274
3116 9015517 5403
3117 9020920 5472
3118 9026392 4267
3119 9030659 2518
3120 9033177 4401
3121 9037578 7413
3122 9044991 183
3123 9045174 4742
3124 9049916 153
3125 9050069 930
3126 9050999 805
3127 9051804 2292
3128 9054096 1820
3129 9055916 936
3130 9056852 1868
3131 9058720 12147
3132 9070867 4460
3135 9075327 10024
3136 9085351 1126
3137 9086477 9963
3138 9096440 3414
3139 9099854 1425
3140 9101279 3539
3142 9104818 4718
3143 9109536 5539
3147 9115075 2589
3156 9117664 1569
3157 9119233 3349
3158 9122582 1918
3159 9124500 3295
3160 9127795 5155
3161 9132950 2216
3162 9135166 5832
3163 9140998 2321
3164 9143319 4217
3166 9147536 711
3168 9148247 732
3169 9148979 705
3170 9149684 777
3172 9150461 749
3173 9151210 641
3175 9151851 697
3178 9152548 746
3179 9153294 698
3190 9153992 712
3191 9154704 777
3192 9155481 694
3193 9156175 745
3194 9156920 699
3196 9157619 734
3197 9158353 705
3198 9159058 712
3199 9159770 775
3206 9160545 721
3207 9161266 784
3209 9162050 697
3235 9171294 713
3244 9174851 702
3304 9198036 691
3309 9200142 656
3419 9238397 722
3420 9239119 655
3422 9240531 723
3524 9288536 655
3527 9290528 665
3539 9297009 694
3540 9297703 702
3553 9303420 716
3591 9318723 706
3596 9320850 666
3603 9325540 631
3609 9328927 733
3669 9355290 10199
3672 9366875 5196
3675 9378736 7858
3679 9389829 3431
3745 9555756 5378
3747 9561134 7226
3761 9596025 2063
3810 9804916 4520
3815 9831620 4890
3817 9841842 1344
3841 9930005 2778
3875 10058440 3875
3878 10072851 3323
3879 10076174 4649
