0 0 3249
1 3249 3740
2 6989 4300
3 11289 3604
4 14893 14607
5 29500 3054
6 32554 4837
7 37391 4108
8 41499 2620
9 44119 2740
10 46859 3590
11 50449 3487
12 53936 19858
13 73794 4001
14 77795 1264
15 79059 4178
16 83237 3680
17 86917 5362
18 92279 4334
19 96613 3831
20 100444 4395
21 104839 3074
22 107913 1701
23 109614 4297
24 113911 3753
25 117664 3199
26 120863 4027
27 124890 4183
28 129073 3564
29 132637 3660
30 136297 3823
31 140120 4049
32 144169 3495
33 147664 4327
34 151991 10582
35 162573 3780
36 166353 4716
37 171069 3514
38 174583 4038
39 178621 4781
40 183402 4211
41 187613 3971
42 191584 3480
43 195064 2882
44 197946 3116
45 201062 3158
46 204220 4081
47 208301 3278
48 211579 19415
49 230994 4368
50 235362 3418
51 238780 1564
52 240344 3477
53 243821 3535
54 247356 19627
55 266983 4678
56 271661 1512
57 273173 3421
58 276594 4859
59 281453 4157
60 285610 3344
61 288954 1237
62 290191 3474
63 293665 5459
64 299124 3790
65 302914 5085
66 307999 3182
67 311181 3315
68 314496 3656
69 318152 3742
70 321894 3509
71 325403 2751
72 328154 3250
73 331404 3670
74 335074 3213
75 338287 3576
76 341863 18998
77 360861 4542
78 365403 3798
79 369201 3677
80 372878 1602
81 374480 4340
82 378820 1246
83 380066 934
84 381000 2991
85 383991 4070
86 388061 3554
87 391615 2862
88 394477 3551
89 398028 2615
90 400643 1123
91 401766 4227
92 405993 19873
93 425866 3832
94 429698 4842
95 434540 3349
96 437889 4843
97 442732 3318
98 446050 3241
99 449291 3662
100 452953 6401
101 459354 3602
102 462956 6874
103 469830 10174
104 480004 2206
105 482210 3700
106 485910 2361
107 488271 3751
108 492022 2975
109 494997 3798
110 498795 1655
111 500450 10159
112 510609 2163
113 512772 5025
114 517797 2457
115 520254 1521
116 521775 7999
117 529774 6815
118 536589 4460
119 541049 9655
120 550704 6411
121 557115 5758
122 562873 2909
123 565782 5713
124 571495 10459
125 581954 4336
126 586290 6186
127 592476 4661
128 597137 2278
129 599415 3466
130 602881 8962
131 611843 1838
132 613681 5769
133 619450 4079
134 623529 4056
135 627585 2639
136 630224 400
137 630624 1891
138 632515 7433
139 639948 4476
140 644424 2456
141 646880 1758
142 648638 3136
143 651774 3547
144 655321 2822
145 658143 5260
146 663403 1174
147 664577 1188
148 665765 3125
149 668890 7634
150 676524 7681
151 684205 1191
152 685396 6046
153 691442 1709
154 693151 2341
155 695492 4854
156 700346 1738
157 702084 3386
158 705470 1964
159 707434 1219
160 708653 2662
161 711315 708
162 712023 2837
163 714860 5246
164 720106 204
165 720310 1677
166 721987 2840
167 724827 4190
168 729017 1263
169 730280 1129
170 731409 1635
171 733044 1199
172 734243 1683
173 735926 852
174 736778 883
175 737661 3852
176 741513 857
177 742370 3117
178 745487 7849
179 753336 2574
180 755910 1534
181 757444 3188
182 760632 1182
183 761814 2732
184 764546 2385
185 766931 1358
186 768289 1038
187 769327 3700
188 773027 3109
189 776136 1479
190 777615 8405
191 786020 1490
192 787510 2074
193 789584 959
194 790543 1657
195 792200 1653
196 793853 920
197 794773 2433
198 797206 9668
199 806874 4002
200 810876 2713
201 813589 2758
202 816347 1932
203 818279 2470
204 820749 7197
205 827946 1566
206 829512 1190
207 830702 1157
208 831859 1167
209 833026 1175
210 834201 1163
211 835364 1172
212 836536 1166
213 837702 1178
214 838880 1169
215 840049 794
216 840843 1139
217 841982 8098
218 850080 5589
219 855669 1359
220 857028 2047
221 859075 4773
222 863848 6794
223 870642 8201
224 878843 3944
225 882787 5478
226 888265 1256
227 889521 8875
228 898396 6046
229 904442 2089
230 906531 4470
231 911001 1963
232 912964 9310
233 922274 2421
234 924695 1292
235 925987 2948
236 928935 2176
237 931111 3037
238 934148 931
239 935079 3774
240 938853 2628
241 941481 1543
242 943024 3428
243 946452 1667
244 948119 6393
245 954512 2493
246 957005 2192
247 959197 5087
248 964284 8577
249 972861 5214
250 978075 1091
251 979166 1318
252 980484 1466
253 981950 2515
254 984465 2376
255 986841 1829
256 988670 3506
257 992176 2441
258 994617 3949
259 998566 3776
260 1002342 459
261 1002801 13375
262 1016176 9616
263 1025792 2513
264 1028305 2118
265 1030423 2448
266 1032871 2682
267 1035553 6396
268 1041949 8005
269 1049954 5233
270 1055187 5969
271 1061156 4569
272 1065725 2526
273 1068251 2496
274 1070747 7437
275 1078184 8558
276 1086742 5409
277 1092151 641
278 1092792 2819
279 1095611 3252
280 1098863 1150
281 1100013 1812
282 1101825 1936
283 1103761 648
284 1104409 495
285 1104904 612
286 1105516 2601
287 1108117 2535
288 1110652 1925
289 1112577 5818
290 1118395 2049
291 1120444 3859
292 1124303 8167
293 1132470 4200
294 1136670 2414
295 1139084 1604
296 1140688 3015
297 1143703 1779
298 1145482 8350
299 1153832 1711
300 1155543 798
301 1156341 1114
302 1157455 2976
303 1160431 4428
304 1164859 9697
305 1174556 2188
306 1176744 3187
307 1179931 2150
308 1182081 2331
309 1184412 27028
310 1211440 1910
311 1213350 1786
312 1215136 5414
313 1220550 5453
314 1226003 2545
315 1228548 3441
316 1231989 4786
317 1236775 3725
318 1240500 3415
319 1243915 15507
320 1259422 4160
321 1263582 3589
322 1267171 10176
323 1277347 1707
324 1279054 1524
325 1280578 5903
326 1286481 10980
327 1297461 5268
328 1302729 3875
329 1306604 2203
330 1308807 1311
331 1310118 663
332 1310781 1548
333 1312329 4654
334 1316983 2734
335 1319717 1975
336 1321692 8833
337 1330525 6279
338 1336804 5220
339 1342024 1972
340 1343996 6497
341 1350493 2982
342 1353475 2967
343 1356442 7552
344 1363994 1709
345 1365703 2176
346 1367879 2607
347 1370486 1727
348 1372213 1611
349 1373824 10952
350 1384776 7650
351 1392426 3385
352 1395811 3045
353 1398856 1928
354 1400784 5594
355 1406378 8193
356 1414571 3231
357 1417802 615
358 1418417 3665
359 1422082 5138
360 1427220 6941
361 1434161 926
362 1435087 2363
363 1437450 4352
364 1441802 3572
365 1445374 2910
366 1448284 5626
367 1453910 5114
368 1459024 7368
369 1466392 1141
370 1467533 3968
371 1471501 1380
372 1472881 7353
373 1480234 3297
374 1483531 4399
375 1487930 4884
376 1492814 2391
377 1495205 6099
378 1501304 2334
379 1503638 1764
380 1505402 15324
381 1520726 9308
382 1530034 5383
383 1535417 1376
384 1536793 5708
385 1542501 1395
386 1543896 6630
387 1550526 4668
388 1555194 4660
389 1559854 9784
390 1569638 1754
391 1571392 3492
392 1574884 15712
393 1590596 9614
394 1600210 3915
395 1604125 7923
396 1612048 13784
397 1625832 3817
398 1629649 14087
399 1643736 5407
400 1649143 1984
401 1651127 1572
402 1652699 2592
403 1655291 2033
404 1657324 3751
405 1661075 944
406 1662019 1228
407 1663247 1928
408 1665175 1464
409 1666639 3864
410 1670503 5724
411 1676227 2267
412 1678494 2929
413 1681423 1529
414 1682952 5779
415 1688731 2698
416 1691429 1299
417 1692728 1282
418 1694010 1333
419 1695343 7990
420 1703333 1741
421 1705074 2844
422 1707918 1247
423 1709165 1429
424 1710594 5176
425 1715770 3059
426 1718829 1292
427 1720121 2795
428 1722916 1485
429 1724401 949
430 1725350 2786
431 1728136 1519
432 1729655 956
433 1730611 2987
434 1733598 1239
435 1734837 8813
436 1743650 2627
437 1746277 1644
438 1747921 2227
439 1750148 2004
440 1752152 6276
441 1758428 2099
442 1760527 1559
443 1762086 3186
444 1765272 4064
445 1769336 2709
446 1772045 2878
447 1774923 1050
448 1775973 1456
449 1777429 5515
450 1782944 1646
451 1784590 3626
452 1788216 2080
453 1790296 5829
454 1796125 6783
455 1802908 1213
456 1804121 1541
457 1805662 352
458 1806014 2192
459 1808206 1734
460 1809940 2968
461 1812908 1209
462 1814117 1967
463 1816084 912
464 1816996 1861
465 1818857 2995
466 1821852 6885
467 1828737 2683
468 1831420 1603
469 1833023 1813
470 1834836 1727
471 1836563 940
472 1837503 8960
473 1846463 5625
474 1852088 5681
475 1857769 5471
476 1863240 6737
477 1869977 2117
478 1872094 19495
479 1891589 7709
480 1899298 1823
481 1901121 1245
482 1902366 3070
483 1905436 1876
484 1907312 2690
485 1910002 4172
486 1914174 1431
487 1915605 619
488 1916224 6594
489 1922818 2427
490 1925245 1846
491 1927091 3353
492 1930444 1928
493 1932372 13744
494 1946116 518
495 1946634 1664
496 1948298 3065
497 1951363 2384
498 1953747 2811
499 1956558 18391
500 1974949 1485
501 1976434 3270
502 1979704 1239
503 1980943 1803
504 1982746 4574
505 1987320 1103
506 1988423 4271
507 1992694 1841
508 1994535 2188
509 1996723 245
510 1996968 4964
511 2001932 2648
512 2004580 2620
513 2007200 403
514 2007603 1549
515 2009152 1516
516 2010668 2262
517 2012930 1509
518 2014439 1080
519 2015519 2785
520 2018304 1046
521 2019350 339
522 2019689 4617
523 2024306 1310
524 2025616 897
525 2026513 3926
526 2030439 1350
527 2031789 3129
528 2034918 2642
529 2037560 565
530 2038125 1317
531 2039442 1275
532 2040717 2517
533 2043234 1201
534 2044435 8162
535 2052597 612
536 2053209 1357
537 2054566 7437
538 2062003 3866
539 2065869 3728
540 2069597 3478
541 2073075 7037
542 2080112 4917
543 2085029 1676
544 2086705 1622
545 2088327 2038
546 2090365 1361
547 2091726 501
548 2092227 1384
549 2093611 2304
550 2095915 4494
551 2100409 1553
552 2101962 11604
553 2113566 2069
554 2115635 820
555 2116455 928
556 2117383 1078
557 2118461 1846
558 2120307 738
559 2121045 11612
560 2132657 1795
561 2134452 2971
562 2137423 3755
563 2141178 962
564 2142140 2216
565 2144356 1241
566 2145597 4799
567 2150396 335
568 2150731 7095
569 2157826 1079
570 2158905 1794
571 2160699 2591
572 2163290 1516
573 2164806 1270
574 2166076 6671
575 2172747 3595
576 2176342 1034
577 2177376 3559
578 2180935 1656
579 2182591 3008
580 2185599 1332
581 2186931 536
582 2187467 794
583 2188261 4831
584 2193092 1246
585 2194338 6453
586 2200791 2689
587 2203480 471
588 2203951 4267
589 2208218 552
590 2208770 1484
591 2210254 2138
592 2212392 2803
593 2215195 3192
594 2218387 1391
595 2219778 1549
596 2221327 1145
597 2222472 1465
598 2223937 2404
599 2226341 612
600 2226953 9683
601 2236636 2061
602 2238697 1898
603 2240595 2706
604 2243301 3241
605 2246542 9568
606 2256110 3474
607 2259584 8382
608 2267966 2153
609 2270119 1737
610 2271856 1066
611 2272922 1493
612 2274415 1076
613 2275491 1365
614 2276856 5381
615 2282237 5031
616 2287268 2165
617 2289433 1753
618 2291186 4037
619 2295223 2323
620 2297546 2284
621 2299830 7679
622 2307509 1327
623 2308836 1506
624 2310342 4309
625 2314651 1289
626 2315940 1281
627 2317221 1437
628 2318658 1769
629 2320427 5244
630 2325671 2557
631 2328228 1401
632 2329629 3190
633 2332819 10955
634 2343774 3822
635 2347596 9599
636 2357195 3806
637 2361001 1589
638 2362590 2121
639 2364711 7085
640 2371796 1896
641 2373692 7383
642 2381075 3388
643 2384463 1955
644 2386418 12892
645 2399310 5282
646 2404592 4727
647 2409319 1389
648 2410708 2488
649 2413196 2343
650 2415539 2175
651 2417714 3622
652 2421336 1357
653 2422693 11040
654 2433733 1175
655 2434908 699
656 2435607 4809
657 2440416 2095
658 2442511 1310
659 2443821 924
660 2444745 7452
661 2452197 3110
662 2455307 1918
663 2457225 2908
664 2460133 996
665 2461129 1339
666 2462468 1377
667 2463845 539
668 2464384 3996
669 2468380 4663
670 2473043 4998
671 2478041 3255
672 2481296 2222
673 2483518 891
674 2484409 813
675 2485222 1260
676 2486482 5697
677 2492179 1624
678 2493803 799
679 2494602 1716
680 2496318 13029
681 2509347 562
682 2509909 1887
683 2511796 2512
684 2514308 2344
685 2516652 2711
686 2519363 1680
687 2521043 625
688 2521668 2179
689 2523847 2230
690 2526077 2250
691 2528327 2357
692 2530684 2145
693 2532829 493
694 2533322 2477
695 2535799 1249
696 2537048 3142
697 2540190 1590
698 2541780 781
699 2542561 1061
700 2543622 4999
701 2548621 6570
702 2555191 4736
703 2559927 4289
704 2564216 3604
705 2567820 3054
706 2570874 4108
707 2574982 8643
708 2583625 4028
709 2587653 7524
710 2595177 38572
711 2633749 5453
712 2639202 17903
713 2657105 5285
714 2662390 2800
715 2665190 10548
716 2675738 3796
717 2679534 4756
718 2684290 5407
719 2689697 4815
720 2694512 5271
721 2699783 6757
722 2706540 6474
723 2713014 4698
724 2717712 4160
725 2721872 8951
726 2730823 8397
727 2739220 5478
728 2744698 4264
729 2748962 7454
730 2756416 7904
731 2764320 5646
732 2769966 5362
733 2775328 4481
734 2779809 4967
735 2784776 4334
736 2789110 4395
737 2793505 5362
738 2798867 1270
739 2800137 4013
740 2804150 19936
741 2824086 3728
742 2827814 6337
743 2834151 4677
744 2838828 2853
745 2841681 3503
746 2845184 3936
747 2849120 3481
748 2852601 4296
749 2856897 11920
750 2868817 4243
751 2873060 8229
752 2881289 7864
753 2889153 8001
754 2897154 7323
755 2904477 1651
756 2906128 5268
757 2911396 16463
758 2927859 4609
759 2932468 9453
760 2941921 5310
761 2947231 4225
762 2951456 4793
763 2956249 4050
764 2960299 10582
765 2970881 5627
766 2976508 4126
767 2980634 3176
768 2983810 3763
769 2987573 3928
770 2991501 3317
771 2994818 3441
772 2998259 18435
773 3016694 4821
774 3021515 5359
775 3026874 3398
776 3030272 11474
777 3041746 7893
778 3049639 19627
779 3069266 5471
780 3074737 1243
781 3075980 2146
782 3078126 2905
783 3081031 3712
784 3084743 19415
785 3104158 19791
786 3123949 4368
787 3128317 4306
788 3132623 3539
789 3136162 12578
790 3148740 6778
791 3155518 25812
792 3181330 11241
793 3192571 7105
794 3199676 1564
795 3201240 5946
796 3207186 6362
797 3213548 23607
798 3237155 1577
799 3238732 2826
800 3241558 5313
801 3246871 1315
802 3248186 14604
803 3262790 1122
804 3263912 1328
805 3265240 5264
806 3270504 2516
807 3273020 3103
808 3276123 6871
809 3282994 6235
810 3289229 9206
811 3298435 11693
812 3310128 2088
813 3312216 6499
814 3318715 5820
815 3324535 10058
816 3334593 7716
817 3342309 195
818 3342504 267
819 3342771 317
820 3343088 171
821 3343259 239
822 3343498 195
823 3343693 285
824 3343978 6063
825 3350041 1228
826 3351269 4934
827 3356203 10035
828 3366238 5506
829 3371744 3038
830 3374782 2001
831 3376783 2011
832 3378794 2334
833 3381128 1849
834 3382977 1434
835 3384411 1514
836 3385925 1591
837 3387516 1653
838 3389169 3469
839 3392638 2568
840 3395206 15289
841 3410495 3328
842 3413823 7985
843 3421808 3691
844 3425499 3439
845 3428938 6237
846 3435175 2603
847 3437778 3695
848 3441473 2811
849 3444284 9410
850 3453694 1389
851 3455083 167
852 3455250 1937
853 3457187 4994
854 3462181 1477
855 3463658 1782
856 3465440 1856
857 3467296 2934
858 3470230 8172
859 3478402 7522
860 3485924 3573
861 3489497 9797
862 3499294 1674
863 3500968 962
864 3501930 1667
865 3503597 4138
866 3507735 3749
867 3511484 1028
868 3512512 15103
869 3527615 4138
870 3531753 6500
871 3538253 3510
872 3541763 3552
873 3545315 1227
874 3546542 4786
875 3551328 779
876 3552107 525
877 3552632 7866
878 3560498 2924
879 3563422 3634
880 3567056 2800
881 3569856 1266
882 3571122 1019
883 3572141 2138
884 3574279 285
885 3574564 195
886 3574759 305
887 3575064 11860
888 3586924 5354
889 3592278 5897
890 3598175 1765
891 3599940 1047
892 3600987 22829
893 3623816 1509
894 3625325 6605
895 3631930 6416
896 3638346 9595
897 3647941 1620
898 3649561 3760
899 3653321 2123
900 3655444 439
901 3655883 438
902 3656321 467
903 3656788 504
904 3657292 470
905 3657762 487
906 3658249 505
907 3658754 561
908 3659315 483
909 3659798 525
910 3660323 492
911 3660815 482
912 3661297 509
913 3661806 470
914 3662276 554
915 3662830 3365
916 3666195 3705
917 3669900 6354
918 3676254 1485
919 3677739 2694
920 3680433 2113
921 3682546 3121
922 3685667 1636
923 3687303 8506
924 3695809 3513
925 3699322 3391
926 3702713 1357
927 3704070 7958
928 3712028 8185
929 3720213 8643
930 3728856 5686
931 3734542 7447
932 3741989 7133
933 3749122 5473
934 3754595 1815
935 3756410 6421
936 3762831 9083
937 3771914 3877
938 3775791 4593
939 3780384 2724
940 3783108 2437
941 3785545 3876
942 3789421 4827
943 3794248 4247
944 3798495 3247
945 3801742 7061
946 3808803 8615
947 3817418 8500
948 3825918 2814
949 3828732 636
950 3829368 4195
951 3833563 8162
952 3841725 8327
953 3850052 5401
954 3855453 2412
955 3857865 7626
956 3865491 6689
957 3872180 3484
958 3875664 2913
959 3878577 1084
960 3879661 3040
961 3882701 10646
962 3893347 7574
963 3900921 7609
964 3908530 1047
965 3909577 2970
966 3912547 1786
967 3914333 8038
968 3922371 6976
969 3929347 4078
970 3933425 1034
971 3934459 9584
972 3944043 9632
973 3953675 2728
974 3956403 3810
975 3960213 5713
976 3965926 14822
977 3980748 3058
978 3983806 4478
979 3988284 7894
980 3996178 6486
981 4002664 2526
982 4005190 3899
983 4009089 3840
984 4012929 1857
985 4014786 3390
986 4018176 5089
987 4023265 2244
988 4025509 1091
989 4026600 1368
990 4027968 4026
991 4031994 1007
992 4033001 3472
993 4036473 3324
994 4039797 3668
995 4043465 3277
996 4046742 2453
997 4049195 984
998 4050179 1274
999 4051453 8083
1000 4059536 7011
1001 4066547 4492
1002 4071039 7305
1003 4078344 1034
1004 4079378 3331
1005 4082709 9081
1006 4091790 2161
1007 4093951 6306
1008 4100257 6316
1009 4106573 1138
1010 4107711 847
1011 4108558 6836
1012 4115394 3586
1013 4118980 2691
1014 4121671 1025
1015 4122696 2849
1016 4125545 2755
1017 4128300 1278
1018 4129578 1176
1019 4130754 886
1020 4131640 1042
1021 4132682 1036
1022 4133718 2397
1023 4136115 1772
1024 4137887 1199
1025 4139086 940
1026 4140026 1174
1027 4141200 1404
1028 4142604 1045
1029 4143649 1984
1030 4145633 2648
1031 4148281 1310
1032 4149591 2779
1033 4152370 2871
1034 4155241 3055
1035 4158296 1108
1036 4159404 3632
1037 4163036 2562
1038 4165598 4313
1039 4169911 3355
1040 4173266 5889
1041 4179155 3315
1042 4182470 927
1043 4183397 2374
1044 4185771 4658
1045 4190429 2364
1046 4192793 807
1047 4193600 5815
1048 4199415 1256
1049 4200671 6019
1050 4206690 881
1051 4207571 1631
1052 4209202 879
1053 4210081 3287
1054 4213368 6421
1055 4219789 832
1056 4220621 3445
1057 4224066 4068
1058 4228134 1278
1059 4229412 1118
1060 4230530 1846
1061 4232376 1591
1062 4233967 2535
1063 4236502 2554
1064 4239056 1803
1065 4240859 1407
1066 4242266 2947
1067 4245213 2483
1068 4247696 1611
1069 4249307 1899
1070 4251206 1110
1071 4252316 979
1072 4253295 3406
1073 4256701 2007
1074 4258708 2001
1075 4260709 2288
1076 4262997 2005
1077 4265002 3143
1078 4268145 1826
1079 4269971 3205
1080 4273176 3808
1081 4276984 533
1082 4277517 1135
1083 4278652 816
1084 4279468 2612
1085 4282080 1075
1086 4283155 2317
1087 4285472 1890
1088 4287362 1446
1089 4288808 725
1090 4289533 1728
1091 4291261 2585
1092 4293846 1580
1093 4295426 2324
1094 4297750 2469
1095 4300219 2281
1096 4302500 1073
1097 4303573 2548
1098 4306121 1472
1099 4307593 4229
1100 4311822 2161
1101 4313983 1848
1102 4315831 2281
1103 4318112 4259
1104 4322371 543
1105 4322914 845
1106 4323759 2593
1107 4326352 4282
1108 4330634 3583
1109 4334217 938
1110 4335155 4126
1111 4339281 3533
1112 4342814 1228
1113 4344042 2399
1114 4346441 2694
1115 4349135 188
1116 4349323 188
1117 4349511 230
1118 4349741 212
1119 4349953 158
1120 4350111 240
1121 4350351 238
1122 4350589 238
1123 4350827 236
1124 4351063 242
1125 4351305 224
1126 4351529 188
1127 4351717 154
1128 4351871 164
1129 4352035 208
1130 4352243 202
1131 4352445 246
1132 4352691 196
1133 4352887 158
1134 4353045 170
1135 4353215 200
1136 4353415 188
1137 4353603 224
1138 4353827 226
1139 4354053 234
1140 4354287 226
1141 4354513 158
1142 4354671 214
1143 4354885 242
1144 4355127 202
1145 4355329 238
1146 4355567 184
1147 4355751 226
1148 4355977 236
1149 4356213 230
1150 4356443 244
1151 4356687 196
1152 4356883 250
1153 4357133 230
1154 4357363 236
1155 4357599 242
1156 4357841 230
1157 4358071 226
1158 4358297 216
1159 4358513 200
1160 4358713 170
1161 4358883 236
1162 4359119 224
1163 4359343 176
1164 4359519 146
1165 4359665 8074
1166 4367739 11550
1167 4379289 2051
1168 4381340 3605
1169 4384945 5187
1170 4390132 5350
1171 4395482 5178
1172 4400660 6335
1173 4406995 1063
1174 4408058 7181
1175 4415239 2938
1176 4418177 9536
1177 4427713 4208
1178 4431921 6417
1179 4438338 2874
1180 4441212 1584
1181 4442796 2921
1182 4445717 3422
1183 4449139 1789
1184 4450928 5576
1185 4456504 9106
1186 4465610 177
1187 4465787 2313
1188 4468100 8437
1189 4476537 6826
1190 4483363 6456
1191 4489819 3708
1192 4493527 3417
1193 4496944 2902
1194 4499846 3424
1195 4503270 481
1196 4503751 2194
1197 4505945 3961
1198 4509906 3638
1199 4513544 2932
1200 4516476 3608
1201 4520084 2725
1202 4522809 6578
1203 4529387 9429
1204 4538816 8438
1205 4547254 10550
1206 4557804 9735
1207 4567539 10299
1208 4577838 7984
1209 4585822 5490
1210 4591312 6267
1211 4597579 7523
1212 4605102 3567
1213 4608669 4014
1214 4612683 2382
1215 4615065 1571
1216 4616636 1670
1217 4618306 3194
1218 4621500 3555
1219 4625055 7622
1220 4632677 6364
1221 4639041 5949
1222 4644990 3553
1223 4648543 4621
1224 4653164 3462
1225 4656626 11646
1226 4668272 5170
1227 4673442 6648
1228 4680090 4813
1229 4684903 1083
1230 4685986 4183
1231 4690169 3673
1232 4693842 3438
1233 4697280 4321
1234 4701601 4935
1235 4706536 4577
1236 4711113 8014
1237 4719127 2267
1238 4721394 5569
1239 4726963 4372
1240 4731335 6520
1241 4737855 4794
1242 4742649 2180
1243 4744829 2135
1244 4746964 1476
1245 4748440 3317
1246 4751757 4594
1247 4756351 4157
1248 4760508 6252
1249 4766760 8554
1250 4775314 1872
1251 4777186 5781
1252 4782967 7288
1253 4790255 1262
1254 4791517 3406
1255 4794923 4093
1256 4799016 1618
1257 4800634 7283
1258 4807917 2749
1259 4810666 10125
1260 4820791 4321
1261 4825112 5796
1262 4830908 823
1263 4831731 3779
1264 4835510 2001
1265 4837511 6751
1266 4844262 8230
1267 4852492 3762
1268 4856254 5011
1269 4861265 3543
1270 4864808 1896
1271 4866704 996
1272 4867700 1400
1273 4869100 1177
1274 4870277 2100
1275 4872377 1306
1276 4873683 1751
1277 4875434 1809
1278 4877243 2186
1279 4879429 1808
1280 4881237 7710
1281 4888947 18339
1282 4907286 3925
1283 4911211 4488
1284 4915699 3365
1285 4919064 3553
1286 4922617 10514
1287 4933131 4141
1288 4937272 1220
1289 4938492 898
1290 4939390 1501
1291 4940891 965
1292 4941856 1982
1293 4943838 4477
1294 4948315 1648
1295 4949963 6246
1296 4956209 7729
1297 4963938 2012
1298 4965950 4027
1299 4969977 2712
1300 4972689 4789
1301 4977478 8857
1302 4986335 4983
1303 4991318 7986
1304 4999304 4818
1305 5004122 10099
1306 5014221 2216
1307 5016437 1614
1308 5018051 2107
1309 5020158 1891
1310 5022049 2467
1311 5024516 2893
1312 5027409 2591
1313 5030000 13321
1314 5043321 2518
1315 5045839 2264
1316 5048103 2521
1317 5050624 3142
1318 5053766 1597
1319 5055363 10191
1320 5065554 9683
1321 5075237 4760
1322 5079997 7027
1323 5087024 3697
1324 5090721 3492
1325 5094213 2872
1326 5097085 5897
1327 5102982 3109
1328 5106091 5857
1329 5111948 4801
1330 5116749 13730
1331 5130479 3838
1332 5134317 2974
1333 5137291 1657
1334 5138948 8114
1335 5147062 5695
1336 5152757 12497
1337 5165254 3817
1338 5169071 2215
1339 5171286 5513
1340 5176799 5851
1341 5182650 7977
1342 5190627 10193
1343 5200820 3592
1344 5204412 3397
1345 5207809 2239
1346 5210048 422
1347 5210470 3840
1348 5214310 2041
1349 5216351 1485
1350 5217836 7405
1351 5225241 1022
1352 5226263 949
1353 5227212 1679
1354 5228891 3289
1355 5232180 1826
1356 5234006 4093
1357 5238099 2178
1358 5240277 4017
1359 5244294 1444
1360 5245738 4970
1361 5250708 2622
1362 5253330 1722
1363 5255052 2008
1364 5257060 1503
1365 5258563 1663
1366 5260226 3127
1367 5263353 1216
1368 5264569 615
1369 5265184 1640
1370 5266824 1648
1371 5268472 1580
1372 5270052 8850
1373 5278902 7800
1374 5286702 4438
1375 5291140 2953
1376 5294093 632
1377 5294725 7736
1378 5302461 4089
1379 5306550 12588
1380 5319138 4941
1381 5324079 2567
1382 5326646 3919
1383 5330565 16239
1384 5346804 6339
1385 5353143 2644
1386 5355787 322
1387 5356109 2379
1388 5358488 3901
1389 5362389 2831
1390 5365220 13589
1391 5378809 7968
1392 5386777 1927
1393 5388704 2838
1394 5391542 1966
1395 5393508 1872
1396 5395380 3527
1397 5398907 2253
1398 5401160 3092
1399 5404252 2014
1400 5406266 1881
1401 5408147 2243
1402 5410390 2983
1403 5413373 2864
1404 5416237 1980
1405 5418217 2253
1406 5420470 2243
1407 5422713 1881
1408 5424594 2014
1409 5426608 2635
1410 5429243 3381
1411 5432624 2181
1412 5434805 1961
1413 5436766 1824
1414 5438590 2136
1415 5440726 4552
1416 5445278 3932
1417 5449210 3822
1418 5453032 3059
1419 5456091 2465
1420 5458556 2580
1421 5461136 2345
1422 5463481 2386
1423 5465867 4552
1424 5470419 352
1425 5470771 5875
1426 5476646 3932
1427 5480578 3822
1428 5484400 9976
1429 5494376 2836
1430 5497212 955
1431 5498167 4426
1432 5502593 7168
1433 5509761 322
1434 5510083 3234
1435 5513317 2694
1436 5516011 2404
1437 5518415 2623
1438 5521038 3612
1439 5524650 4395
1440 5529045 2634
1441 5531679 5020
1442 5536699 2806
1443 5539505 8236
1444 5547741 2781
1445 5550522 6313
1446 5556835 2509
1447 5559344 1276
1448 5560620 17917
1449 5578537 9938
1450 5588475 3029
1451 5591504 3286
1452 5594790 5910
1453 5600700 3510
1454 5604210 1958
1455 5606168 3103
1456 5609271 4520
1457 5613791 4401
1458 5618192 3743
1459 5621935 3008
1460 5624943 24607
1461 5649550 11382
1462 5660932 16348
1463 5677280 30791
1464 5708071 3869
1465 5711940 1356
1466 5713296 5540
1467 5718836 1299
1468 5720135 1996
1469 5722131 2685
1470 5724816 2483
1471 5727299 1250
1472 5728549 1179
1473 5729728 6852
1474 5736580 3213
1475 5739793 2619
1476 5742412 5275
1477 5747687 1932
1478 5749619 2594
1479 5752213 4818
1480 5757031 4757
1481 5761788 4508
1482 5766296 3113
1483 5769409 7710
1484 5777119 5834
1485 5782953 3571
1486 5786524 3362
1487 5789886 2395
1488 5792281 3529
1489 5795810 2199
1490 5798009 2058
1491 5800067 9186
1492 5809253 5425
1493 5814678 7561
1494 5822239 5464
1495 5827703 4851
1496 5832554 8312
1497 5840866 12021
1498 5852887 6354
1499 5859241 1455
1500 5860696 1871
1501 5862567 974
1502 5863541 5322
1503 5868863 2982
1504 5871845 681
1505 5872526 4204
1506 5876730 826
1507 5877556 3156
1508 5880712 758
1509 5881470 934
1510 5882404 4257
1511 5886661 3711
1512 5890372 1286
1513 5891658 1815
1514 5893473 1159
1515 5894632 1650
1516 5896282 887
1517 5897169 2495
1518 5899664 4451
1519 5904115 4705
1520 5908820 1127
1521 5909947 2291
1522 5912238 997
1523 5913235 2029
1524 5915264 953
1525 5916217 1257
1526 5917474 1531
1527 5919005 565
1528 5919570 3983
1529 5923553 1471
1530 5925024 4837
1531 5929861 2542
1532 5932403 2103
1533 5934506 2533
1534 5937039 2283
1535 5939322 3532
1536 5942854 1716
1537 5944570 1157
1538 5945727 2646
1539 5948373 2055
1540 5950428 1941
1541 5952369 4335
1542 5956704 14664
1543 5971368 2142
1544 5973510 6632
1545 5980142 13727
1546 5993869 9064
1547 6002933 3705
1548 6006638 4615
1549 6011253 3651
1550 6014904 5677
1551 6020581 1690
1552 6022271 9138
1553 6031409 4031
1554 6035440 1940
1555 6037380 9803
1556 6047183 6516
1557 6053699 2458
1558 6056157 4561
1559 6060718 7556
1560 6068274 2091
1561 6070365 3726
1562 6074091 4321
1563 6078412 1122
1564 6079534 2261
1565 6081795 8488
1566 6090283 4231
1567 6094514 3240
1568 6097754 12848
1569 6110602 4583
1570 6115185 2365
1571 6117550 2455
1572 6120005 694
1573 6120699 1370
1574 6122069 10121
1575 6132190 21764
1576 6153954 881
1577 6154835 3522
1578 6158357 3819
1579 6162176 1434
1580 6163610 1074
1581 6164684 5799
1582 6170483 1233
1583 6171716 910
1584 6172626 10823
1585 6183449 1338
1586 6184787 17754
1587 6202541 9488
1588 6212029 2832
1589 6214861 3973
1590 6218834 1343
1591 6220177 4607
1592 6224784 5976
1593 6230760 1050
1594 6231810 866
1595 6232676 2356
1596 6235032 8154
1597 6243186 3282
1598 6246468 1833
1599 6248301 505
1600 6248806 1559
1601 6250365 2330
1602 6252695 3810
1603 6256505 5936
1604 6262441 1332
1605 6263773 3195
1606 6266968 1264
1607 6268232 1331
1608 6269563 1126
1609 6270689 5566
1610 6276255 919
1611 6277174 4351
1612 6281525 324
1613 6281849 8904
1614 6290753 3610
1615 6294363 1605
1616 6295968 1344
1617 6297312 6412
1618 6303724 4065
1619 6307789 1243
1620 6309032 2954
1621 6311986 2652
1622 6314638 1797
1623 6316435 4158
1624 6320593 12815
1625 6333408 1545
1626 6334953 4035
1627 6338988 3584
1628 6342572 1363
1629 6343935 1084
1630 6345019 3952
1631 6348971 6893
1632 6355864 12937
1633 6368801 1588
1634 6370389 1561
1635 6371950 1493
1636 6373443 2453
1637 6375896 2187
1638 6378083 1727
1639 6379810 1765
1640 6381575 1153
1641 6382728 1622
1642 6384350 806
1643 6385156 7020
1644 6392176 8132
1645 6400308 1469
1646 6401777 1075
1647 6402852 4653
1648 6407505 2423
1649 6409928 1154
1650 6411082 6426
1651 6417508 1787
1652 6419295 7615
1653 6426910 2167
1654 6429077 6404
1655 6435481 4022
1656 6439503 1392
1657 6440895 8350
1658 6449245 6948
1659 6456193 9516
1660 6465709 3668
1661 6469377 2278
1662 6471655 3408
1663 6475063 4707
1664 6479770 1698
1665 6481468 3788
1666 6485256 2465
1667 6487721 2109
1668 6489830 2582
1669 6492412 3499
1670 6495911 2507
1671 6498418 2571
1672 6500989 20283
1673 6521272 8450
1674 6529722 4378
1675 6534100 4518
1676 6538618 4154
1677 6542772 1556
1678 6544328 4496
1679 6548824 1383
1680 6550207 1198
1681 6551405 1509
1682 6552914 7470
1683 6560384 2211
1684 6562595 18046
1685 6580641 8905
1686 6589546 5678
1687 6595224 4026
1688 6599250 3615
1689 6602865 2096
1690 6604961 16369
1691 6621330 4450
1692 6625780 1173
1693 6626953 1986
1694 6628939 1394
1695 6630333 8208
1696 6638541 5171
1697 6643712 6855
1698 6650567 1966
1699 6652533 8264
1700 6660797 7552
1701 6668349 8524
1702 6676873 4989
1703 6681862 6792
1704 6688654 15094
1705 6703748 7576
1706 6711324 5069
1707 6716393 1393
1708 6717786 1582
1709 6719368 2176
1710 6721544 1353
1711 6722897 857
1712 6723754 6465
1713 6730219 2175
1714 6732394 8323
1715 6740717 4238
1716 6744955 1912
1717 6746867 5246
1718 6752113 5457
1719 6757570 9113
1720 6766683 4693
1721 6771376 9550
1722 6780926 3784
1723 6784710 1085
1724 6785795 1450
1725 6787245 1383
1726 6788628 9085
1727 6797713 284
1728 6797997 1757
1729 6799754 808
1730 6800562 1498
1731 6802060 12579
1732 6814639 8096
1733 6822735 4108
1734 6826843 5039
1735 6831882 4516
1736 6836398 8970
1737 6845368 2238
1738 6847606 5370
1739 6852976 2946
1740 6855922 3155
1741 6859077 1718
1742 6860795 8154
1743 6868949 3690
1744 6872639 14159
1745 6886798 3291
1746 6890089 3867
1747 6893956 4309
1748 6898265 11592
1749 6909857 941
1750 6910798 8060
1751 6918858 6322
1752 6925180 845
1753 6926025 5743
1754 6931768 15706
1755 6947474 946
1756 6948420 6106
1757 6954526 719
1758 6955245 5291
1759 6960536 8085
1760 6968621 1504
1761 6970125 4404
1762 6974529 734
1763 6975263 8957
1764 6984220 1423
1765 6985643 3801
1766 6989444 1706
1767 6991150 2749
1768 6993899 2713
1769 6996612 560
1770 6997172 4202
1771 7001374 6091
1772 7007465 1780
1773 7009245 3660
1774 7012905 2505
1775 7015410 6056
1776 7021466 5781
1777 7027247 7784
1778 7035031 4957
1779 7039988 889
1780 7040877 1249
1781 7042126 2027
1782 7044153 4086
1783 7048239 3540
1784 7051779 622
1785 7052401 4104
1786 7056505 2916
1787 7059421 2859
1788 7062280 3508
1789 7065788 5618
1790 7071406 4651
1791 7076057 5109
1792 7081166 2722
1793 7083888 9159
1794 7093047 9400
1795 7102447 5582
1796 7108029 2068
1797 7110097 7361
1798 7117458 2046
1799 7119504 3498
1800 7123002 3746
1801 7126748 2612
1802 7129360 8396
1803 7137756 1317
1804 7139073 1887
1805 7140960 3085
1806 7144045 4571
1807 7148616 2071
1808 7150687 1213
1809 7151900 1240
1810 7153140 5308
1811 7158448 2774
1812 7161222 4034
1813 7165256 1156
1814 7166412 2027
1815 7168439 2162
1816 7170601 1373
1817 7171974 3002
1818 7174976 1587
1819 7176563 7327
1820 7183890 5296
1821 7189186 755
1822 7189941 562
1823 7190503 863
1824 7191366 705
1825 7192071 541
1826 7192612 593
1827 7193205 1362
1828 7194567 3544
1829 7198111 3786
1830 7201897 560
1831 7202457 2121
1832 7204578 1370
1833 7205948 3444
1834 7209392 6267
1835 7215659 3273
1836 7218932 5338
1837 7224270 3009
1838 7227279 3819
1839 7231098 3296
1840 7234394 3039
1841 7237433 2127
1842 7239560 1949
1843 7241509 3198
1844 7244707 3764
1845 7248471 243
1846 7248714 1990
1847 7250704 2167
1848 7252871 3826
1849 7256697 3786
1850 7260483 3636
1851 7264119 11145
1852 7275264 10088
1853 7285352 2063
1854 7287415 3841
1855 7291256 3486
1856 7294742 4220
1857 7298962 1544
1858 7300506 1453
1859 7301959 2355
1860 7304314 1955
1861 7306269 3116
1862 7309385 2763
1863 7312148 1976
1864 7314124 2423
1865 7316547 3708
1866 7320255 2033
1867 7322288 3266
1868 7325554 2885
1869 7328439 7597
1870 7336036 397
1871 7336433 499
1872 7336932 11302
1873 7348234 4493
1874 7352727 3675
1875 7356402 9059
1876 7365461 3446
1877 7368907 2074
1878 7370981 2046
1879 7373027 7138
1880 7380165 6508
1881 7386673 3710
1882 7390383 2276
1883 7392659 15013
1884 7407672 6441
1885 7414113 1361
1886 7415474 2017
1887 7417491 2936
1888 7420427 2586
1889 7423013 2132
1890 7425145 1581
1891 7426726 742
1892 7427468 1383
1893 7428851 751
1894 7429602 404
1895 7430006 4035
1896 7434041 3935
1897 7437976 3074
1898 7441050 4181
1899 7445231 7603
1900 7452834 5442
1901 7458276 1373
1902 7459649 5331
1903 7464980 1158
1904 7466138 924
1905 7467062 1884
1906 7468946 2418
1907 7471364 5502
1908 7476866 2540
1909 7479406 8099
1910 7487505 2490
1911 7489995 921
1912 7490916 854
1913 7491770 1642
1914 7493412 2258
1915 7495670 7291
1916 7502961 1645
1917 7504606 4758
1918 7509364 2467
1919 7511831 3645
1920 7515476 2715
1921 7518191 6982
1922 7525173 2329
1923 7527502 3032
1924 7530534 4620
1925 7535154 2538
1926 7537692 2926
1927 7540618 1904
1928 7542522 1270
1929 7543792 4745
1930 7548537 1651
1931 7550188 1020
1932 7551208 1604
1933 7552812 1808
1934 7554620 4614
1935 7559234 1660
1936 7560894 2702
1937 7563596 9348
1938 7572944 1867
1939 7574811 2691
1940 7577502 9089
1941 7586591 3547
1942 7590138 6169
1943 7596307 3392
1944 7599699 2958
1945 7602657 7905
1946 7610562 1751
1947 7612313 2231
1948 7614544 1691
1949 7616235 950
1950 7617185 2411
1951 7619596 1692
1952 7621288 1808
1953 7623096 15082
1954 7638178 7374
1955 7645552 3136
1956 7648688 1672
1957 7650360 1407
1958 7651767 7684
1959 7659451 1994
1960 7661445 2125
1961 7663570 1822
1962 7665392 1676
1963 7667068 2070
1964 7669138 1153
1965 7670291 1611
1966 7671902 245
1967 7672147 2830
1968 7674977 945
1969 7675922 1140
1970 7677062 15558
1971 7692620 6444
1972 7699064 14030
1973 7713094 744
1974 7713838 2767
1975 7716605 2080
1976 7718685 2606
1977 7721291 2867
1978 7724158 1778
1979 7725936 20052
1980 7745988 9075
1981 7755063 3558
1982 7758621 3578
1983 7762199 3419
1984 7765618 2236
1985 7767854 3396
1986 7771250 442
1987 7771692 2544
1988 7774236 2945
1989 7777181 14024
1990 7791205 1896
1991 7793101 4139
1992 7797240 2781
1993 7800021 2990
1994 7803011 938
1995 7803949 695
1996 7804644 20192
1997 7824836 3843
1998 7828679 263
1999 7828942 28693
2000 7857635 4253
2001 7861888 7405
2002 7869293 9402
2003 7878695 30312
2004 7909007 19683
2005 7928690 1005
2006 7929695 634
2007 7930329 2348
2008 7932677 1601
2009 7934278 5042
2010 7939320 3350
2011 7942670 4066
2012 7946736 2482
2013 7949218 4621
2014 7953839 1150
2015 7954989 2030
2016 7957019 687
2017 7957706 430
2018 7958136 9984
2019 7968120 2333
2020 7970453 908
2021 7971361 30540
2022 8001901 3533
2023 8005434 940
2024 8006374 2627
2025 8009001 3156
2026 8012157 355
2027 8012512 7239
2028 8019751 19070
2029 8038821 5741
2030 8044562 1319
2031 8045881 2195
2032 8048076 2345
2033 8050421 2633
2034 8053054 2575
2035 8055629 1268
2036 8056897 9062
2037 8065959 3644
2038 8069603 2177
2039 8071780 2373
2040 8074153 22109
2041 8096262 850
2042 8097112 392
2043 8097504 1193
2044 8098697 3886
2045 8102583 1153
2046 8103736 3544
2047 8107280 3244
2048 8110524 1594
2049 8112118 1355
2050 8113473 2042
2051 8115515 2183
2052 8117698 1292
2053 8118990 1341
2054 8120331 3955
2055 8124286 567
2056 8124853 6491
2057 8131344 2595
2058 8133939 3708
2059 8137647 835
2060 8138482 1289
2061 8139771 2432
2062 8142203 704
2063 8142907 796
2064 8143703 5005
2065 8148708 2163
2066 8150871 1031
2067 8151902 5431
2068 8157333 2012
2069 8159345 1516
2070 8160861 1871
2071 8162732 1174
2072 8163906 1215
2073 8165121 6979
2074 8172100 3783
2075 8175883 1042
2076 8176925 2502
2077 8179427 2281
2078 8181708 3255
2079 8184963 2597
2080 8187560 30116
2081 8217676 1119
2082 8218795 1782
2083 8220577 5211
2084 8225788 1283
2085 8227071 1686
2086 8228757 1743
2087 8230500 2428
2088 8232928 1696
2089 8234624 1627
2090 8236251 2688
2091 8238939 3256
2092 8242195 4703
2093 8246898 1805
2094 8248703 991
2095 8249694 1522
2096 8251216 2048
2097 8253264 1576
2098 8254840 1849
2099 8256689 1313
2100 8258002 1949
2101 8259951 1635
2102 8261586 856
2103 8262442 2757
2104 8265199 1899
2105 8267098 6201
2106 8273299 2748
2107 8276047 1407
2108 8277454 1248
2109 8278702 2691
2110 8281393 1496
2111 8282889 2335
2112 8285224 1493
2113 8286717 1374
2114 8288091 2207
2115 8290298 1557
2116 8291855 1728
2117 8293583 5217
2118 8298800 2585
2119 8301385 5607
2120 8306992 1706
2121 8308698 1335
2122 8310033 2989
2123 8313022 1603
2124 8314625 2843
2125 8317468 1332
2126 8318800 865
2127 8319665 1647
2128 8321312 4036
2129 8325348 3256
2130 8328604 3002
2131 8331606 3365
2132 8334971 2760
2133 8337731 1429
2134 8339160 1387
2135 8340547 887
2136 8341434 2206
2137 8343640 1653
2138 8345293 1125
2139 8346418 3396
2140 8349814 3234
2141 8353048 3780
2142 8356828 1771
2143 8358599 4892
2144 8363491 3941
2145 8367432 1799
2146 8369231 1832
2147 8371063 992
2148 8372055 1288
2149 8373343 1013
2150 8374356 1164
2151 8375520 5080
2152 8380600 2319
2153 8382919 1887
2154 8384806 1171
2155 8385977 1327
2156 8387304 1252
2157 8388556 4195
2158 8392751 1517
2159 8394268 2726
2160 8396994 2181
2161 8399175 1135
2162 8400310 1879
2163 8402189 5017
2164 8407206 2365
2165 8409571 5699
2166 8415270 2550
2167 8417820 8604
2168 8426424 7412
2169 8433836 2423
2170 8436259 1452
2171 8437711 1671
2172 8439382 2691
2173 8442073 2642
2174 8444715 2295
2175 8447010 3100
2176 8450110 2091
2177 8452201 3016
2178 8455217 6995
2179 8462212 6408
2180 8468620 6903
2181 8475523 6779
2182 8482302 3999
2183 8486301 8129
2184 8494430 7844
2185 8502274 3151
2186 8505425 1819
2187 8507244 2993
2188 8510237 1646
2189 8511883 3050
2190 8514933 3446
2191 8518379 1889
2192 8520268 1564
2193 8521832 4775
2194 8526607 1766
2195 8528373 1534
2196 8529907 2468
2197 8532375 3668
2198 8536043 2079
2199 8538122 1480
2200 8539602 2810
2201 8542412 7851
2202 8550263 3321
2203 8553584 3627
2204 8557211 8896
2205 8566107 3764
2206 8569871 2849
2207 8572720 2223
2208 8574943 3605
2209 8578548 3504
2210 8582052 2089
2211 8584141 1615
2212 8585756 1827
2213 8587583 6393
2214 8593976 3223
2215 8597199 2268
2216 8599467 1887
2217 8601354 3476
2218 8604830 5523
2219 8610353 2043
2220 8612396 4186
2221 8616582 2739
2222 8619321 3782
2223 8623103 1774
2224 8624877 1555
2225 8626432 1583
2226 8628015 1639
2227 8629654 3678
2228 8633332 2772
2229 8636104 4008
2230 8640112 2417
2231 8642529 2426
2232 8644955 2613
2233 8647568 2398
2234 8649966 2551
2235 8652517 23257
2236 8675774 3224
2237 8678998 3638
2238 8682636 6346
2239 8688982 3115
2240 8692097 3305
2241 8695402 3430
2242 8698832 5239
2243 8704071 1632
2244 8705703 2621
2245 8708324 3439
2246 8711763 2482
2247 8714245 1089
2248 8715334 2412
2249 8717746 5104
2250 8722850 4263
2251 8727113 3036
2252 8730149 3780
2253 8733929 2663
2254 8736592 5474
2255 8742066 2528
2256 8744594 3786
2257 8748380 1087
2258 8749467 5300
2259 8754767 1442
2260 8756209 1202
2261 8757411 2062
2262 8759473 7443
2263 8766916 3335
2264 8770251 2534
2265 8772785 269
2266 8773054 193
2267 8773247 249
2268 8773496 193
2269 8773689 602
2270 8774291 684
2271 8774975 637
2272 8775612 725
2273 8776337 678
2274 8777015 617
2275 8777632 219
2276 8777851 617
2277 8778468 644
2278 8779112 723
2279 8779835 301
2280 8780136 193
2281 8780329 670
2282 8780999 181
2283 8781180 689
2284 8781869 635
2285 8782504 630
2286 8783134 633
2287 8783767 633
2288 8784400 633
2289 8785033 630
2290 8785663 624
2291 8786287 635
2292 8786922 636
2293 8787558 223
2294 8787781 677
2295 8788458 651
2296 8789109 644
2297 8789753 199
2298 8789952 613
2299 8790565 279
2300 8790844 740
2301 8791584 281
2302 8791865 622
2303 8792487 348
2304 8792835 223
2305 8793058 717
2306 8793775 676
2307 8794451 573
2308 8795024 633
2309 8795657 713
2310 8796370 626
2311 8796996 686
2312 8797682 662
2313 8798344 634
2314 8798978 670
2315 8799648 660
2316 8800308 676
2317 8800984 667
2318 8801651 273
2319 8801924 636
2320 8802560 632
2321 8803192 602
2322 8803794 685
2323 8804479 637
2324 8805116 728
2325 8805844 634
2326 8806478 611
2327 8807089 281
2328 8807370 570
2329 8807940 644
2330 8808584 261
2331 8808845 677
2332 8809522 653
2333 8810175 644
2334 8810819 291
2335 8811110 621
2336 8811731 197
2337 8811928 718
2338 8812646 644
2339 8813290 197
2340 8813487 233
2341 8813720 219
2342 8813939 273
2343 8814212 615
2344 8814827 693
2345 8815520 637
2346 8816157 721
2347 8816878 703
2348 8817581 625
2349 8818206 283
2350 8818489 570
2351 8819059 644
2352 8819703 223
2353 8819926 300
2354 8820226 334
2355 8820560 221
2356 8820781 677
2357 8821458 651
2358 8822109 243
2359 8822352 286
2360 8822638 330
2361 8822968 689
2362 8823657 189
2363 8823846 327
2364 8824173 644
2365 8824817 237
2366 8825054 628
2367 8825682 323
2368 8826005 675
2369 8826680 711
2370 8827391 627
2371 8828018 633
2372 8828651 628
2373 8829279 632
2374 8829911 215
2375 8830126 570
2376 8830696 678
2377 8831374 277
2378 8831651 241
2379 8831892 678
2380 8832570 648
2381 8833218 678
2382 8833896 261
2383 8834157 677
2384 8834834 225
2385 8835059 628
2386 8835687 233
2387 8835920 631
2388 8836551 678
2389 8837229 644
2390 8837873 710
2391 8838583 665
2392 8839248 687
2393 8839935 643
2394 8840578 694
2395 8841272 670
2396 8841942 665
2397 8842607 670
2398 8843277 661
2399 8843938 653
2400 8844591 249
2401 8844840 631
2402 8845471 609
2403 8846080 606
2404 8846686 628
2405 8847314 645
2406 8847959 663
2407 8848622 636
2408 8849258 669
2409 8849927 223
2410 8850150 617
2411 8850767 676
2412 8851443 237
2413 8851680 648
2414 8852328 621
2415 8852949 648
2416 8853597 679
2417 8854276 642
2418 8854918 641
2419 8855559 637
2420 8856196 281
2421 8856477 631
2422 8857108 690
2423 8857798 193
2424 8857991 657
2425 8858648 679
2426 8859327 690
2427 8860017 690
2428 8860707 195
2429 8860902 622
2430 8861524 271
2431 8861795 219
2432 8862014 231
2433 8862245 219
2434 8862464 599
2435 8863063 629
2436 8863692 645
2437 8864337 663
2438 8865000 637
2439 8865637 632
2440 8866269 221
2441 8866490 617
2442 8867107 679
2443 8867786 195
2444 8867981 631
2445 8868612 225
2446 8868837 645
2447 8869482 622
2448 8870104 679
2449 8870783 281
2450 8871064 628
2451 8871692 217
2452 8871909 655
2453 8872564 679
2454 8873243 271
2455 8873514 219
2456 8873733 181
2457 8873914 219
2458 8874133 600
2459 8874733 629
2460 8875362 646
2461 8876008 665
2462 8876673 638
2463 8877311 621
2464 8877932 221
2465 8878153 619
2466 8878772 677
2467 8879449 267
2468 8879716 647
2469 8880363 620
2470 8880983 679
2471 8881662 405
2472 8882067 629
2473 8882696 195
2474 8882891 661
2475 8883552 275
2476 8883827 780
2477 8884607 181
2478 8884788 656
2479 8885444 678
2480 8886122 225
2481 8886347 261
2482 8886608 225
2483 8886833 249
2484 8887082 225
2485 8887307 213
2486 8887520 225
2487 8887745 219
2488 8887964 249
2489 8888213 237
2490 8888450 629
2491 8889079 219
2492 8889298 615
2493 8889913 279
2494 8890192 635
2495 8890827 636
2496 8891463 602
2497 8892065 629
2498 8892694 645
2499 8893339 662
2500 8894001 636
2501 8894637 617
2502 8895254 215
2503 8895469 645
2504 8896114 621
2505 8896735 678
2506 8897413 677
2507 8898090 279
2508 8898369 625
2509 8898994 617
2510 8899611 235
2511 8899846 223
2512 8900069 183
2513 8900252 658
2514 8900910 677
2515 8901587 237
2516 8901824 181
2517 8902005 219
2518 8902224 269
2519 8902493 600
2520 8903093 637
2521 8903730 645
2522 8904375 664
2523 8905039 636
2524 8905675 619
2525 8906294 207
2526 8906501 615
2527 8907116 677
2528 8907793 247
2529 8908040 645
2530 8908685 617
2531 8909302 677
2532 8909979 299
2533 8910278 624
2534 8910902 261
2535 8911163 629
2536 8911792 195
2537 8911987 658
2538 8912645 677
2539 8913322 191
2540 8913513 631
2541 8914144 233
2542 8914377 205
2543 8914582 169
2544 8914751 269
2545 8915020 600
2546 8915620 630
2547 8916250 645
2548 8916895 666
2549 8917561 637
2550 8918198 620
2551 8918818 677
2552 8919495 219
2553 8919714 615
2554 8920329 734
2555 8921063 267
2556 8921330 259
2557 8921589 644
2558 8922233 621
2559 8922854 241
2560 8923095 223
2561 8923318 677
2562 8923995 221
2563 8924216 711
2564 8924927 275
2565 8925202 704
2566 8925906 315
2567 8926221 625
2568 8926846 223
2569 8927069 263
2570 8927332 659
2571 8927991 676
2572 8928667 695
2573 8929362 646
2574 8930008 678
2575 8930686 667
2576 8931353 677
2577 8932030 656
2578 8932686 683
2579 8933369 671
2580 8934040 681
2581 8934721 673
2582 8935394 661
2583 8936055 273
2584 8936328 635
2585 8936963 630
2586 8937593 602
2587 8938195 630
2588 8938825 640
2589 8939465 665
2590 8940130 636
2591 8940766 681
2592 8941447 195
2593 8941642 615
2594 8942257 229
2595 8942486 629
2596 8943115 677
2597 8943792 225
2598 8944017 655
2599 8944672 235
2600 8944907 645
2601 8945552 620
2602 8946172 693
2603 8946865 677
2604 8947542 279
2605 8947821 622
2606 8948443 195
2607 8948638 659
2608 8949297 677
2609 8949974 317
2610 8950291 169
2611 8950460 297
2612 8950757 169
2613 8950926 598
2614 8951524 629
2615 8952153 645
2616 8952798 668
2617 8953466 638
2618 8954104 632
2619 8954736 219
2620 8954955 617
2621 8955572 677
2622 8956249 231
2623 8956480 247
2624 8956727 644
2625 8957371 619
2626 8957990 677
2627 8958667 353
2628 8959020 199
2629 8959219 205
2630 8959424 255
2631 8959679 621
2632 8960300 195
2633 8960495 658
2634 8961153 677
2635 8961830 289
2636 8962119 303
2637 8962422 598
2638 8963020 207
2639 8963227 616
2640 8963843 169
2641 8964012 223
2642 8964235 183
2643 8964418 243
2644 8964661 651
2645 8965312 647
2646 8965959 653
2647 8966612 269
2648 8966881 600
2649 8967481 631
2650 8968112 645
2651 8968757 666
2652 8969423 636
2653 8970059 682
2654 8970741 678
2655 8971419 223
2656 8971642 645
2657 8972287 619
2658 8972906 678
2659 8973584 337
2660 8973921 724
2661 8974645 595
2662 8975240 241
2663 8975481 638
2664 8976119 323
2665 8976442 708
2666 8977150 279
2667 8977429 627
2668 8978056 195
2669 8978251 660
2670 8978911 213
2671 8979124 678
2672 8979802 217
2673 8980019 681
2674 8980700 671
2675 8981371 731
2676 8982102 691
2677 8982793 645
2678 8983438 651
2679 8984089 648
2680 8984737 672
2681 8985409 671
2682 8986080 730
2683 8986810 636
2684 8987446 273
2685 8987719 630
2686 8988349 636
2687 8988985 599
2688 8989584 631
2689 8990215 645
2690 8990860 666
2691 8991526 634
2692 8992160 734
2693 8992894 221
2694 8993115 617
2695 8993732 678
2696 8994410 223
2697 8994633 646
2698 8995279 618
2699 8995897 678
2700 8996575 321
2701 8996896 319
2702 8997215 630
2703 8997845 233
2704 8998078 656
2705 8998734 678
2706 8999412 663
2707 9000075 267
2708 9000342 273
2709 9000615 297
2710 9000912 285
2711 9001197 273
2712 9001470 602
2713 9002072 636
2714 9002708 640
2715 9003348 663
2716 9004011 645
2717 9004656 658
2718 9005314 233
2719 9005547 616
2720 9006163 678
2721 9006841 652
2722 9007493 253
2723 9007746 644
2724 9008390 617
2725 9009007 678
2726 9009685 235
2727 9009920 201
2728 9010121 375
2729 9010496 638
2730 9011134 263
2731 9011397 675
2732 9012072 678
2733 9012750 245
2734 9012995 617
2735 9013612 299
2736 9013911 683
2737 9014594 678
2738 9015272 211
2739 9015483 649
2740 9016132 617
2741 9016749 678
2742 9017427 239
2743 9017666 640
2744 9018306 313
2745 9018619 619
2746 9019238 221
2747 9019459 617
2748 9020076 678
2749 9020754 229
2750 9020983 241
2751 9021224 217
2752 9021441 307
2753 9021748 648
2754 9022396 740
2755 9023136 647
2756 9023783 666
2757 9024449 692
2758 9025141 666
2759 9025807 627
2760 9026434 666
2761 9027100 681
2762 9027781 644
2763 9028425 673
2764 9029098 667
2765 9029765 2021
2766 9031786 3123
2767 9034909 6349
2768 9041258 992
2769 9042250 6649
2770 9048899 955
2771 9049854 1157
2772 9051011 794
2773 9051805 6348
2774 9058153 2887
2775 9061040 5120
2776 9066160 9063
2777 9075223 7370
2778 9082593 1832
2779 9084425 5478
2780 9089903 3600
2781 9093503 1509
2782 9095012 663
2783 9095675 3303
2784 9098978 9176
2785 9108154 2885
2786 9111039 2243
2787 9113282 5702
2788 9118984 1318
2789 9120302 4449
2790 9124751 704
2791 9125455 2556
2792 9128011 1553
2793 9129564 1150
2794 9130714 2517
2795 9133231 4362
2796 9137593 2987
2797 9140580 5483
2798 9146063 5907
2799 9151970 4489
2800 9156459 2776
2801 9159235 2079
2802 9161314 1077
2803 9162391 814
2804 9163205 2665
2805 9165870 5826
2806 9171696 947
2807 9172643 1814
2808 9174457 1746
2809 9176203 7487
2810 9183690 1218
2811 9184908 2253
2812 9187161 2470
2813 9189631 1415
2814 9191046 573
2815 9191619 5040
2816 9196659 6140
2817 9202799 11673
2818 9214472 1232
2819 9215704 2342
2820 9218046 1039
2821 9219085 1276
2822 9220361 2177
2823 9222538 2815
2824 9225353 5210
2825 9230563 2471
2826 9233034 3070
2827 9236104 20122
2828 9256226 2922
2829 9259148 1616
2830 9260764 2249
2831 9263013 1762
2832 9264775 1448
2833 9266223 7353
2834 9273576 4645
2835 9278221 12625
2836 9290846 2433
2837 9293279 1825
2838 9295104 1451
2839 9296555 3139
2840 9299694 1435
2841 9301129 3927
2842 9305056 1096
2843 9306152 1130
2844 9307282 1360
2845 9308642 2403
2846 9311045 1971
2847 9313016 2360
2848 9315376 3477
2849 9318853 221
2850 9319074 976
2851 9320050 7356
2852 9327406 5209
2853 9332615 6581
2854 9339196 4455
2855 9343651 3736
2856 9347387 2776
2857 9350163 30922
2858 9381085 4025
2859 9385110 5292
2860 9390402 2844
2861 9393246 2022
2862 9395268 4793
2863 9400061 1242
2864 9401303 2595
2865 9403898 788
2866 9404686 3275
2867 9407961 799
2868 9408760 6217
2869 9414977 6366
2870 9421343 5776
2871 9427119 10815
2872 9437934 3806
2873 9441740 1609
2874 9443349 2177
2875 9445526 9599
2876 9455125 4348
2877 9459473 6386
2878 9465859 3070
2879 9468929 6105
2880 9475034 6085
2881 9481119 1700
2882 9482819 6470
2883 9489289 3273
2884 9492562 6719
2885 9499281 9063
2886 9508344 1456
2887 9509800 2925
2888 9512725 1806
2889 9514531 3388
2890 9517919 6061
2891 9523980 6841
2892 9530821 6310
2893 9537131 6437
2894 9543568 9738
2895 9553306 9793
2896 9563099 1187
2897 9564286 720
2898 9565006 1147
2899 9566153 3812
2900 9569965 663
2901 9570628 5537
2902 9576165 1387
2903 9577552 2799
2904 9580351 2394
2905 9582745 5522
2906 9588267 12206
2907 9600473 2603
2908 9603076 26093
2909 9629169 3723
2910 9632892 4060
2911 9636952 12437
2912 9649389 4400
2913 9653789 3913
2914 9657702 14664
2915 9672366 12304
2916 9684670 3703
2917 9688373 1680
2918 9690053 9144
2919 9699197 1838
2920 9701035 733
2921 9701768 3238
2922 9705006 2904
2923 9707910 5830
2924 9713740 9631
2925 9723371 4065
2926 9727436 1141
2927 9728577 1823
2928 9730400 5492
2929 9735892 4622
2930 9740514 4590
2931 9745104 4410
2932 9749514 1891
2933 9751405 4387
2934 9755792 3715
2935 9759507 6162
2936 9765669 4207
2937 9769876 1146
2938 9771022 778
2939 9771800 8837
2940 9780637 3970
2941 9784607 7018
2942 9791625 1496
2943 9793121 2497
2944 9795618 1131
2945 9796749 1072
2946 9797821 1063
2947 9798884 5376
2948 9804260 11031
2949 9815291 793
2950 9816084 710
2951 9816794 4013
2952 9820807 10150
2953 9830957 1332
2954 9832289 3126
2955 9835415 847
2956 9836262 684
2957 9836946 668
2958 9837614 1035
2959 9838649 773
2960 9839422 1779
2961 9841201 12330
2962 9853531 4341
2963 9857872 11223
2964 9869095 3636
2965 9872731 5197
2966 9877928 7841
2967 9885769 5335
2968 9891104 11027
2969 9902131 1844
2970 9903975 7278
2971 9911253 3724
2972 9914977 7949
2973 9922926 469
2974 9923395 5242
2975 9928637 2508
2976 9931145 3095
2977 9934240 3935
2978 9938175 802
2979 9938977 879
2980 9939856 5722
2981 9945578 1496
2982 9947074 2162
2983 9949236 2642
2984 9951878 3698
2985 9955576 3293
2986 9958869 2102
2987 9960971 4831
2988 9965802 10150
2989 9975952 604
2990 9976556 3163
2991 9979719 3458
2992 9983177 5322
2993 9988499 3795
2994 9992294 6268
2995 9998562 9873
2996 10008435 2090
2997 10010525 1647
2998 10012172 3137
2999 10015309 5594
3000 10020903 3695
3001 10024598 2023
3002 10026621 4426
3003 10031047 1390
3004 10032437 9465
3005 10041902 4587
3006 10046489 2613
3007 10049102 3602
3008 10052704 1790
3009 10054494 1502
3010 10055996 1549
3011 10057545 4760
3012 10062305 2901
3013 10065206 8562
3014 10073768 7792
3015 10081560 5323
3016 10086883 3058
3017 10089941 7161
3018 10097102 1241
3019 10098343 2844
3020 10101187 2635
3021 10103822 1960
3022 10105782 2359
3023 10108141 530
3024 10108671 5889
3025 10114560 514
3026 10115074 2063
3027 10117137 6621
3028 10123758 5903
3029 10129661 2529
3030 10132190 3095
3031 10135285 8953
3032 10144238 3634
3033 10147872 3884
3034 10151756 3040
3035 10154796 8955
3036 10163751 4031
3037 10167782 3390
3038 10171172 3632
3039 10174804 1458
3040 10176262 4548
3041 10180810 1037
3042 10181847 1803
3043 10183650 5602
3044 10189252 2114
3045 10191366 1805
3046 10193171 15866
3047 10209037 5951
3048 10214988 2269
3049 10217257 2666
3050 10219923 5433
3051 10225356 3929
3052 10229285 13777
3053 10243062 3844
3054 10246906 1874
3055 10248780 3669
3056 10252449 6628
3057 10259077 2991
3058 10262068 579
3059 10262647 4767
3060 10267414 4591
3061 10272005 2748
3062 10274753 4791
3063 10279544 2186
3064 10281730 731
3065 10282461 3160
3066 10285621 5213
3067 10290834 5584
3068 10296418 4710
3069 10301128 5545
3070 10306673 1903
3071 10308576 3923
3072 10312499 6091
3073 10318590 2481
3074 10321071 4453
3075 10325524 1002
3076 10326526 828
3077 10327354 4188
3078 10331542 2702
3079 10334244 2997
3080 10337241 1270
3081 10338511 1963
3082 10340474 2341
3083 10342815 2748
3084 10345563 2325
3085 10347888 1318
3086 10349206 4766
3087 10353972 4631
3088 10358603 3612
3089 10362215 3156
3090 10365371 4121
3091 10369492 4509
3092 10374001 2787
3093 10376788 3876
3094 10380664 2341
3095 10383005 1760
3096 10384765 2337
3097 10387102 20483
3098 10407585 3356
3099 10410941 4112
3100 10415053 1948
3101 10417001 8795
3102 10425796 2736
3103 10428532 5364
3104 10433896 5363
3105 10439259 3706
3106 10442965 4229
3107 10447194 5957
3108 10453151 3094
3109 10456245 5521
3110 10461766 1763
3111 10463529 2641
3112 10466170 5003
3113 10471173 4763
3114 10475936 3274
3115 10479210 5403
3116 10484613 5472
3117 10490085 4267
3118 10494352 2518
3119 10496870 4401
3120 10501271 7413
3121 10508684 183
3122 10508867 4742
3123 10513609 153
3124 10513762 930
3125 10514692 805
3126 10515497 2292
3127 10517789 1820
3128 10519609 936
3129 10520545 1868
3130 10522413 12147
3131 10534560 4460
3132 10539020 1910
3133 10540930 6938
3134 10547868 10024
3135 10557892 1126
3136 10559018 9963
3137 10568981 3414
3138 10572395 1425
3139 10573820 3539
3140 10577359 5425
3141 10582784 4718
3142 10587502 5539
3143 10593041 3479
3144 10596520 1776
3145 10598296 787
3146 10599083 2589
3147 10601672 3932
3148 10605604 3533
3149 10609137 5188
3150 10614325 5249
3151 10619574 1315
3152 10620889 9412
3153 10630301 3305
3154 10633606 610
3155 10634216 1569
3156 10635785 3349
3157 10639134 1918
3158 10641052 3295
3159 10644347 5155
3160 10649502 2216
3161 10651718 5832
3162 10657550 2321
3163 10659871 4217
3164 10664088 4940
3165 10669028 711
3166 10669739 688
3167 10670427 732
3168 10671159 705
3169 10671864 777
3170 10672641 726
3171 10673367 749
3172 10674116 641
3173 10674757 630
3174 10675387 697
3175 10676084 647
3176 10676731 803
3177 10677534 746
3178 10678280 698
3179 10678978 636
3180 10679614 716
3181 10680330 629
3182 10680959 689
3183 10681648 665
3184 10682313 637
3185 10682950 673
3186 10683623 663
3187 10684286 679
3188 10684965 670
3189 10685635 712
3190 10686347 777
3191 10687124 694
3192 10687818 745
3193 10688563 699
3194 10689262 694
3195 10689956 734
3196 10690690 705
3197 10691395 712
3198 10692107 775
3199 10692882 697
3200 10693579 748
3201 10694327 766
3202 10695093 714
3203 10695807 773
3204 10696580 701
3205 10697281 721
3206 10698002 784
3207 10698786 747
3208 10699533 697
3209 10700230 647
3210 10700877 713
3211 10701590 668
3212 10702258 690
3213 10702948 646
3214 10703594 697
3215 10704291 673
3216 10704964 668
3217 10705632 673
3218 10706305 664
3219 10706969 691
3220 10707660 777
3221 10708437 700
3222 10709137 748
3223 10709885 701
3224 10710586 654
3225 10711240 713
3226 10711953 693
3227 10712646 734
3228 10713380 706
3229 10714086 778
3230 10714864 659
3231 10715523 699
3232 10716222 749
3233 10716971 697
3234 10717668 713
3235 10718381 692
3236 10719073 706
3237 10719779 734
3238 10720513 778
3239 10721291 699
3240 10721990 747
3241 10722737 683
3242 10723420 796
3243 10724216 702
3244 10724918 663
3245 10725581 710
3246 10726291 675
3247 10726966 698
3248 10727664 674
3249 10728338 655
3250 10728993 674
3251 10729667 666
3252 10730333 698
3253 10731031 676
3254 10731707 779
3255 10732486 724
3256 10733210 700
3257 10733910 747
3258 10734657 674
3259 10735331 683
3260 10736014 697
3261 10736711 692
3262 10737403 701
3263 10738104 733
3264 10738837 706
3265 10739543 773
3266 10740316 699
3267 10741015 748
3268 10741763 761
3269 10742524 697
3270 10743221 661
3271 10743882 705
3272 10744587 692
3273 10745279 732
3274 10746011 712
3275 10746723 774
3276 10747497 699
3277 10748196 689
3278 10748885 674
3279 10749559 791
3280 10750350 747
3281 10751097 673
3282 10751770 700
3283 10752470 698
3284 10753168 649
3285 10753817 681
3286 10754498 670
3287 10755168 680
3288 10755848 659
3289 10756507 686
3290 10757193 674
3291 10757867 684
3292 10758551 676
3293 10759227 717
3294 10759944 774
3295 10760718 649
3296 10761367 741
3297 10762108 699
3298 10762807 747
3299 10763554 697
3300 10764251 764
3301 10765015 734
3302 10765749 707
3303 10766456 691
3304 10767147 771
3305 10767918 699
3306 10768617 797
3307 10769414 644
3308 10770058 656
3309 10770714 745
3310 10771459 700
3311 10772159 717
3312 10772876 732
3313 10773608 774
3314 10774382 704
3315 10775086 732
3316 10775818 765
3317 10776583 690
3318 10777273 713
3319 10777986 700
3320 10778686 785
3321 10779471 792
3322 10780263 689
3323 10780952 747
3324 10781699 689
3325 10782388 661
3326 10783049 667
3327 10783716 684
3328 10784400 674
3329 10785074 734
3330 10785808 694
3331 10786502 648
3332 10787150 654
3333 10787804 651
3334 10788455 675
3335 10789130 674
3336 10789804 733
3337 10790537 717
3338 10791254 759
3339 10792013 698
3340 10792711 765
3341 10793476 746
3342 10794222 691
3343 10794913 735
3344 10795648 721
3345 10796369 745
3346 10797114 714
3347 10797828 716
3348 10798544 762
3349 10799306 686
3350 10799992 238
3351 10800230 204
3352 10800434 746
3353 10801180 708
3354 10801888 762
3355 10802650 782
3356 10803432 700
3357 10804132 697
3358 10804829 746
3359 10805575 668
3360 10806243 678
3361 10806921 679
3362 10807600 666
3363 10808266 753
3364 10809019 669
3365 10809688 695
3366 10810383 669
3367 10811052 630
3368 10811682 669
3369 10812351 684
3370 10813035 647
3371 10813682 676
3372 10814358 670
3373 10815028 706
3374 10815734 668
3375 10816402 689
3376 10817091 759
3377 10817850 760
3378 10818610 791
3379 10819401 743
3380 10820144 693
3381 10820837 691
3382 10821528 745
3383 10822273 681
3384 10822954 738
3385 10823692 674
3386 10824366 695
3387 10825061 722
3388 10825783 697
3389 10826480 712
3390 10827192 759
3391 10827951 693
3392 10828644 677
3393 10829321 747
3394 10830068 690
3395 10830758 721
3396 10831479 667
3397 10832146 759
3398 10832905 693
3399 10833598 725
3400 10834323 700
3401 10835023 712
3402 10835735 784
3403 10836519 769
3404 10837288 792
3405 10838080 695
3406 10838775 825
3407 10839600 745
3408 10840345 687
3409 10841032 699
3410 10841731 667
3411 10842398 722
3412 10843120 647
3413 10843767 660
3414 10844427 704
3415 10845131 663
3416 10845794 702
3417 10846496 671
3418 10847167 722
3419 10847889 655
3420 10848544 757
3421 10849301 723
3422 10850024 694
3423 10850718 745
3424 10851463 667
3425 10852130 691
3426 10852821 757
3427 10853578 729
3428 10854307 697
3429 10855004 693
3430 10855697 712
3431 10856409 693
3432 10857102 745
3433 10857847 745
3434 10858592 685
3435 10859277 681
3436 10859958 763
3437 10860721 705
3438 10861426 690
3439 10862116 730
3440 10862846 712
3441 10863558 681
3442 10864239 742
3443 10864981 820
3444 10865801 745
3445 10866546 691
3446 10867237 778
3447 10868015 777
3448 10868792 763
3449 10869555 792
3450 10870347 801
3451 10871148 747
3452 10871895 739
3453 10872634 740
3454 10873374 770
3455 10874144 745
3456 10874889 716
3457 10875605 763
3458 10876368 668
3459 10877036 681
3460 10877717 745
3461 10878462 692
3462 10879154 763
3463 10879917 693
3464 10880610 730
3465 10881340 702
3466 10882042 709
3467 10882751 679
3468 10883430 747
3469 10884177 724
3470 10884901 633
3471 10885534 764
3472 10886298 705
3473 10887003 696
3474 10887699 742
3475 10888441 709
3476 10889150 769
3477 10889919 682
3478 10890601 831
3479 10891432 830
3480 10892262 819
3481 10893081 745
3482 10893826 721
3483 10894547 643
3484 10895190 665
3485 10895855 666
3486 10896521 676
3487 10897197 631
3488 10897828 720
3489 10898548 625
3490 10899173 644
3491 10899817 687
3492 10900504 647
3493 10901151 717
3494 10901868 765
3495 10902633 681
3496 10903314 745
3497 10904059 223
3498 10904282 721
3499 10905003 747
3500 10905750 763
3501 10906513 724
3502 10907237 702
3503 10907939 744
3504 10908683 699
3505 10909382 716
3506 10910098 681
3507 10910779 721
3508 10911500 747
3509 10912247 764
3510 10913011 681
3511 10913692 733
3512 10914425 745
3513 10915170 682
3514 10915852 801
3515 10916653 731
3516 10917384 660
3517 10918044 694
3518 10918738 671
3519 10919409 675
3520 10920084 663
3521 10920747 626
3522 10921373 661
3523 10922034 655
3524 10922689 667
3525 10923356 670
3526 10924026 665
3527 10924691 682
3528 10925373 763
3529 10926136 701
3530 10926837 744
3531 10927581 666
3532 10928247 698
3533 10928945 694
3534 10929639 801
3535 10930440 763
3536 10931203 745
3537 10931948 760
3538 10932708 694
3539 10933402 702
3540 10934104 673
3541 10934777 718
3542 10935495 674
3543 10936169 701
3544 10936870 701
3545 10937571 747
3546 10938318 697
3547 10939015 727
3548 10939742 765
3549 10940507 760
3550 10941267 714
3551 10941981 705
3552 10942686 716
3553 10943402 701
3554 10944103 747
3555 10944850 701
3556 10945551 706
3557 10946257 672
3558 10946929 665
3559 10947594 657
3560 10948251 668
3561 10948919 640
3562 10949559 666
3563 10950225 703
3564 10950928 669
3565 10951597 658
3566 10952255 762
3567 10953017 724
3568 10953741 699
3569 10954440 755
3570 10955195 745
3571 10955940 700
3572 10956640 763
3573 10957403 697
3574 10958100 704
3575 10958804 753
3576 10959557 718
3577 10960275 699
3578 10960974 745
3579 10961719 728
3580 10962447 699
3581 10963146 805
3582 10963951 709
3583 10964660 739
3584 10965399 646
3585 10966045 679
3586 10966724 640
3587 10967364 764
3588 10968128 753
3589 10968881 700
3590 10969581 706
3591 10970287 717
3592 10971004 699
3593 10971703 746
3594 10972449 704
3595 10973153 666
3596 10973819 672
3597 10974491 666
3598 10975157 643
3599 10975800 673
3600 10976473 673
3601 10977146 697
3602 10977843 631
3603 10978474 650
3604 10979124 675
3605 10979799 667
3606 10980466 764
3607 10981230 721
3608 10981951 733
3609 10982684 692
3610 10983376 704
3611 10984080 746
3612 10984826 668
3613 10985494 698
3614 10986192 681
3615 10986873 640
3616 10987513 653
3617 10988166 764
3618 10988930 694
3619 10989624 753
3620 10990377 698
3621 10991075 714
3622 10991789 692
3623 10992481 631
3624 10993112 746
3625 10993858 698
3626 10994556 764
3627 10995320 745
3628 10996065 693
3629 10996758 752
3630 10997510 699
3631 10998209 708
3632 10998917 692
3633 10999609 746
3634 11000355 642
3635 11000997 669
3636 11001666 706
3637 11002372 703
3638 11003075 654
3639 11003729 646
3640 11004375 749
3641 11005124 711
3642 11005835 650
3643 11006485 648
3644 11007133 764
3645 11007897 628
3646 11008525 716
3647 11009241 785
3648 11010026 702
3649 11010728 637
3650 11011365 653
3651 11012018 645
3652 11012663 661
3653 11013324 618
3654 11013942 692
3655 11014634 631
3656 11015265 630
3657 11015895 684
3658 11016579 648
3659 11017227 745
3660 11017972 698
3661 11018670 763
3662 11019433 619
3663 11020052 711
3664 11020763 687
3665 11021450 476
3666 11021926 3167
3667 11025093 2121
3668 11027214 10199
3669 11037413 1137
3670 11038550 1386
3671 11039936 5196
3672 11045132 2576
3673 11047708 6665
3674 11054373 7858
3675 11062231 1445
3676 11063676 1790
3677 11065466 2270
3678 11067736 3431
3679 11071167 1993
3680 11073160 2141
3681 11075301 6074
3682 11081375 2124
3683 11083499 1458
3684 11084957 1114
3685 11086071 3173
3686 11089244 6314
3687 11095558 1973
3688 11097531 2390
3689 11099921 2616
3690 11102537 2642
3691 11105179 3602
3692 11108781 1444
3693 11110225 8487
3694 11118712 3911
3695 11122623 1490
3696 11124113 10453
3697 11134566 4107
3698 11138673 7208
3699 11145881 10060
3700 11155941 3353
3701 11159294 6494
3702 11165788 4390
3703 11170178 4660
3704 11174838 3001
3705 11177839 1334
3706 11179173 3112
3707 11182285 1967
3708 11184252 1697
3709 11185949 1735
3710 11187684 3388
3711 11191072 2123
3712 11193195 2174
3713 11195369 1022
3714 11196391 1908
3715 11198299 4003
3716 11202302 2242
3717 11204544 5440
3718 11209984 1754
3719 11211738 1915
3720 11213653 2558
3721 11216211 2235
3722 11218446 2400
3723 11220846 2225
3724 11223071 1804
3725 11224875 2391
3726 11227266 6053
3727 11233319 4953
3728 11238272 1621
3729 11239893 13692
3730 11253585 5401
3731 11258986 987
3732 11259973 14518
3733 11274491 1850
3734 11276341 1608
3735 11277949 1091
3736 11279040 1522
3737 11280562 1761
3738 11282323 6093
3739 11288416 2991
3740 11291407 3085
3741 11294492 2406
3742 11296898 1962
3743 11298860 2849
3744 11301709 5378
3745 11307087 15421
3746 11322508 7226
3747 11329734 3336
3748 11333070 3209
3749 11336279 2542
3750 11338821 2977
3751 11341798 1386
3752 11343184 2360
3753 11345544 5320
3754 11350864 1659
3755 11352523 1312
3756 11353835 1754
3757 11355589 2038
3758 11357627 2093
3759 11359720 2642
3760 11362362 2063
3761 11364425 1506
3762 11365931 1504
3763 11367435 1415
3764 11368850 2537
3765 11371387 2706
3766 11374093 723
3767 11374816 6023
3768 11380839 3358
3769 11384197 8962
3770 11393159 4026
3771 11397185 2101
3772 11399286 3458
3773 11402744 7616
3774 11410360 2678
3775 11413038 2737
3776 11415775 9683
3777 11425458 19347
3778 11444805 3125
3779 11447930 2758
3780 11450688 5398
3781 11456086 2276
3782 11458362 4295
3783 11462657 6605
3784 11469262 972
3785 11470234 4889
3786 11475123 8288
3787 11483411 5357
3788 11488768 6702
3789 11495470 957
3790 11496427 3800
3791 11500227 2982
3792 11503209 3613
3793 11506822 2549
3794 11509371 3710
3795 11513081 4704
3796 11517785 9643
3797 11527428 9663
3798 11537091 11549
3799 11548640 2155
3800 11550795 4837
3801 11555632 3035
3802 11558667 1683
3803 11560350 5829
3804 11566179 2076
3805 11568255 1950
3806 11570205 8424
3807 11578629 8811
3808 11587440 2779
3809 11590219 4520
3810 11594739 3176
3811 11597915 1984
3812 11599899 10684
3813 11610583 6340
3814 11616923 4890
3815 11621813 5332
3816 11627145 1344
3817 11628489 1886
3818 11630375 3641
3819 11634016 221
3820 11634237 3735
3821 11637972 2561
3822 11640533 7706
3823 11648239 7054
3824 11655293 6529
3825 11661822 8836
3826 11670658 3190
3827 11673848 2824
3828 11676672 1885
3829 11678557 7088
3830 11685645 3418
3831 11689063 2656
3832 11691719 1153
3833 11692872 11670
3834 11704542 10874
3835 11715416 9937
3836 11725353 6945
3837 11732298 8935
3838 11741233 2310
3839 11743543 515
3840 11744058 2778
3841 11746836 623
3842 11747459 6411
3843 11753870 4329
3844 11758199 2342
3845 11760541 9221
3846 11769762 6528
3847 11776290 1589
3848 11777879 7433
3849 11785312 2739
3850 11788051 7689
3851 11795740 4509
3852 11800249 2974
3853 11803223 6340
3854 11809563 9290
3855 11818853 2996
3856 11821849 4399
3857 11826248 3934
3858 11830182 1753
3859 11831935 6530
3860 11838465 5505
3861 11843970 5245
3862 11849215 8052
3863 11857267 1847
3864 11859114 2821
3865 11861935 1983
3866 11863918 3160
3867 11867078 2459
3868 11869537 7823
3869 11877360 2696
3870 11880056 2044
3871 11882100 6284
3872 11888384 4263
3873 11892647 4401
3874 11897048 3875
3875 11900923 6906
3876 11907829 3630
3877 11911459 3323
3878 11914782 4649
3879 11919431 5290
3880 11924721 4479
3881 11929200 3413
3882 11932613 4127
3883 11936740 1148
3884 11937888 7944
3885 11945832 4616
3886 11950448 4434
3887 11954882 4410
3888 11959292 4102
3889 11963394 5576
3890 11968970 7826
3891 11976796 2383
3892 11979179 2136
3893 11981315 2965
3894 11984280 2972
3895 11987252 4656
3896 11991908 5475
3897 11997383 3192
3898 12000575 4142
3899 12004717 5499
3900 12010216 4720
3901 12014936 5140
3902 12020076 2502
3903 12022578 2759
3904 12025337 3014
3905 12028351 8283
3906 12036634 1265
3907 12037899 785
3908 12038684 215
3909 12038899 4185
3910 12043084 3366
3911 12046450 1586
3912 12048036 9988
3913 12058024 3108
3914 12061132 8777
3915 12069909 3984
3916 12073893 5266
3917 12079159 4965
3918 12084124 8614
3919 12092738 4816
3920 12097554 3933
3921 12101487 516
3922 12102003 4692
3923 12106695 4436
3924 12111131 3842
3925 12114973 5850
3926 12120823 7250
3927 12128073 6478
3928 12134551 2573
3929 12137124 3360
3930 12140484 976
3931 12141460 22905
3932 12164365 18587
3933 12182952 2589
3934 12185541 8466
3935 12194007 1658
3936 12195665 2409
3937 12198074 7145
3938 12205219 3360
3939 12208579 11037
3940 12219616 2881
3941 12222497 3512
3942 12226009 3256
3943 12229265 4860
3944 12234125 7292
3945 12241417 6912
3946 12248329 6180
3947 12254509 1098
3948 12255607 2822
3949 12258429 3489
3950 12261918 1070
3951 12262988 2473
3952 12265461 1541
3953 12267002 6366
3954 12273368 13634
3955 12287002 2125
3956 12289127 12986
3957 12302113 6455
3958 12308568 2884
3959 12311452 5038
3960 12316490 2007
3961 12318497 9048
3962 12327545 6591
3963 12334136 2486
3964 12336622 6458
3965 12343080 4327
3966 12347407 5504
3967 12352911 3048
3968 12355959 2787
3969 12358746 3780
3970 12362526 2156
3971 12364682 4007
3972 12368689 13134
3973 12381823 2559
3974 12384382 1956
3975 12386338 3646
3976 12389984 3929
3977 12393913 3936
3978 12397849 1904
3979 12399753 5461
3980 12405214 6911
3981 12412125 2546
3982 12414671 4599
3983 12419270 6996
3984 12426266 1522
3985 12427788 2501
3986 12430289 2693
3987 12432982 808
3988 12433790 5389
3989 12439179 327
3990 12439506 869
3991 12440375 3597
3992 12443972 5947
3993 12449919 1245
3994 12451164 1392
3995 12452556 3704
3996 12456260 4594
3997 12460854 2422
3998 12463276 2234
3999 12465510 3788
4000 12469298 4068
4001 12473366 927
4002 12474293 2940
4003 12477233 1151
4004 12478384 1796
4005 12480180 2053
4006 12482233 3147
4007 12485380 7194
4008 12492574 8654
4009 12501228 3990
4010 12505218 4037
4011 12509255 4661
4012 12513916 3921
4013 12517837 4666
4014 12522503 1187
4015 12523690 4234
4016 12527924 2723
4017 12530647 1727
4018 12532374 1087
4019 12533461 4058
4020 12537519 3921
4021 12541440 2954
4022 12544394 1313
4023 12545707 3185
4024 12548892 7755
4025 12556647 19081
4026 12575728 2212
4027 12577940 3811
4028 12581751 1650
4029 12583401 4277
4030 12587678 5136
4031 12592814 8909
4032 12601723 3170
4033 12604893 13371
4034 12618264 3772
4035 12622036 209
4036 12622245 6396
4037 12628641 8731
4038 12637372 5792
4039 12643164 2185
4040 12645349 4993
4041 12650342 1209
4042 12651551 3865
4043 12655416 6392
4044 12661808 1687
4045 12663495 3467
4046 12666962 2830
4047 12669792 6281
4048 12676073 5405
4049 12681478 1825
4050 12683303 6801
4051 12690104 3705
4052 12693809 10477
4053 12704286 7006
4054 12711292 4574
4055 12715866 3546
4056 12719412 6456
4057 12725868 9648
4058 12735516 1612
4059 12737128 2793
4060 12739921 2413
4061 12742334 4582
4062 12746916 8725
4063 12755641 1605
4064 12757246 4848
4065 12762094 7409
4066 12769503 1314
4067 12770817 1101
4068 12771918 9092
4069 12781010 11268
4070 12792278 9259
4071 12801537 16017
4072 12817554 8767
4073 12826321 8459
4074 12834780 7400
4075 12842180 11296
4076 12853476 19516
4077 12872992 13588
4078 12886580 5487
4079 12892067 495
4080 12892562 835
4081 12893397 3226
4082 12896623 7354
4083 12903977 545
4084 12904522 1564
4085 12906086 3489
4086 12909575 2128
4087 12911703 9178
4088 12920881 8038
4089 12928919 8590
4090 12937509 4706
4091 12942215 2713
4092 12944928 4086
4093 12949014 5080
4094 12954094 7164
4095 12961258 3404
4096 12964662 2843
4097 12967505 698
4098 12968203 1067
4099 12969270 1661
4100 12970931 6696
4101 12977627 1378
4102 12979005 11454
4103 12990459 6357
4104 12996816 4454
4105 13001270 25824
4106 13027094 3765
4107 13030859 5165
4108 13036024 8427
4109 13044451 9783
4110 13054234 4632
4111 13058866 6392
4112 13065258 9617
4113 13074875 12868
4114 13087743 4726
4115 13092469 10976
4116 13103445 6266
4117 13109711 5114
4118 13114825 1763
4119 13116588 3804
4120 13120392 4764
4121 13125156 3746
4122 13128902 10724
4123 13139626 9913
4124 13149539 6865
4125 13156404 6114
4126 13162518 6607
4127 13169125 5816
4128 13174941 4106
4129 13179047 3927
4130 13182974 3517
4131 13186491 3857
4132 13190348 3337
4133 13193685 12281
4134 13205966 12845
4135 13218811 4222
4136 13223033 2891
4137 13225924 5596
4138 13231520 15922
4139 13247442 4313
4140 13251755 710
4141 13252465 1224
4142 13253689 4437
4143 13258126 4401
4144 13262527 2103
4145 13264630 13037
4146 13277667 6736
4147 13284403 8830
4148 13293233 7752
4149 13300985 10713
4150 13311698 237
4151 13311935 7008
4152 13318943 8962
4153 13327905 2353
4154 13330258 8188
4155 13338446 8313
4156 13346759 3896
4157 13350655 5769
4158 13356424 10276
4159 13366700 2565
4160 13369265 13752
4161 13383017 4723
4162 13387740 562
4163 13388302 1547
4164 13389849 3105
4165 13392954 1051
4166 13394005 1102
4167 13395107 6701
4168 13401808 2164
4169 13403972 1965
4170 13405937 6701
4171 13412638 6243
4172 13418881 3630
4173 13422511 621
4174 13423132 1840
4175 13424972 3105
4176 13428077 1300
4177 13429377 2306
4178 13431683 1121
4179 13432804 3491
4180 13436295 4127
4181 13440422 4342
4182 13444764 6290
4183 13451054 3796
4184 13454850 712
4185 13455562 4283
4186 13459845 4132
4187 13463977 553
4188 13464530 1004
4189 13465534 1569
4190 13467103 3689
4191 13470792 3634
4192 13474426 4845
4193 13479271 2748
4194 13482019 2112
4195 13484131 3185
4196 13487316 826
4197 13488142 7199
4198 13495341 949
4199 13496290 3156
4200 13499446 2405
4201 13501851 2701
4202 13504552 3405
4203 13507957 2591
4204 13510548 4079
4205 13514627 2056
4206 13516683 1905
4207 13518588 4453
4208 13523041 1464
4209 13524505 4461
4210 13528966 3915
4211 13532881 5698
4212 13538579 6683
4213 13545262 4566
4214 13549828 1803
4215 13551631 1284
4216 13552915 2879
4217 13555794 6464
4218 13562258 2597
4219 13564855 3472
4220 13568327 2726
4221 13571053 2282
4222 13573335 10517
4223 13583852 772
4224 13584624 9140
4225 13593764 6834
4226 13600598 2237
4227 13602835 2580
4228 13605415 2438
4229 13607853 2372
4230 13610225 1348
4231 13611573 1138
4232 13612711 2984
4233 13615695 10187
4234 13625882 1301
4235 13627183 3998
4236 13631181 1123
4237 13632304 435
4238 13632739 10852
4239 13643591 1873
4240 13645464 3425
4241 13648889 3384
4242 13652273 3614
4243 13655887 9734
4244 13665621 2193
4245 13667814 1136
4246 13668950 783
4247 13669733 1076
4248 13670809 1860
4249 13672669 8555
4250 13681224 3508
4251 13684732 6361
4252 13691093 4838
4253 13695931 5644
4254 13701575 1725
4255 13703300 5372
4256 13708672 1719
4257 13710391 1722
4258 13712113 6820
4259 13718933 2816
4260 13721749 1531
4261 13723280 2086
4262 13725366 2604
4263 13727970 2600
4264 13730570 3797
4265 13734367 5154
4266 13739521 9855
4267 13749376 1705
4268 13751081 749
4269 13751830 717
4270 13752547 2941
4271 13755488 1888
4272 13757376 2338
4273 13759714 3225
4274 13762939 2917
4275 13765856 2993
4276 13768849 2992
4277 13771841 2476
4278 13774317 2466
4279 13776783 2546
4280 13779329 873
4281 13780202 1621
4282 13781823 5844
4283 13787667 2578
4284 13790245 1312
4285 13791557 2082
4286 13793639 1623
4287 13795262 2928
4288 13798190 5832
4289 13804022 1179
4290 13805201 2828
4291 13808029 1834
4292 13809863 1236
4293 13811099 1118
4294 13812217 1765
4295 13813982 6021
4296 13820003 1814
4297 13821817 3445
4298 13825262 1585
4299 13826847 594
4300 13827441 2718
4301 13830159 901
4302 13831060 5761
4303 13836821 5216
4304 13842037 1609
4305 13843646 766
4306 13844412 786
4307 13845198 2487
4308 13847685 5794
4309 13853479 3764
4310 13857243 3738
4311 13860981 3696
4312 13864677 3793
4313 13868470 3844
4314 13872314 3879
4315 13876193 4089
4316 13880282 3918
4317 13884200 3810
4318 13888010 3834
4319 13891844 3852
4320 13895696 3771
4321 13899467 3810
4322 13903277 3828
4323 13907105 3830
4324 13910935 3879
4325 13914814 3709
4326 13918523 647
4327 13919170 5849
4328 13925019 687
4329 13925706 2849
4330 13928555 2868
4331 13931423 1086
4332 13932509 1272
4333 13933781 7565
4334 13941346 1484
4335 13942830 2308
4336 13945138 2128
4337 13947266 1475
4338 13948741 980
4339 13949721 1727
4340 13951448 2646
4341 13954094 1917
4342 13956011 17073
4343 13973084 1549
4344 13974633 4877
4345 13979510 2108
4346 13981618 2835
4347 13984453 6277
4348 13990730 526
4349 13991256 4048
4350 13995304 2073
4351 13997377 1234
4352 13998611 4683
4353 14003294 871
4354 14004165 2124
4355 14006289 1896
4356 14008185 4210
4357 14012395 4703
4358 14017098 9276
4359 14026374 4136
4360 14030510 2709
4361 14033219 870
4362 14034089 832
4363 14034921 910
4364 14035831 1059
